A	 C	 G	 T
4	 175905	 0	 3
13	 31459	 0	 3
14	 308334	 3	 9
5	 205512	 0	 2
12	 250104	 1	 4
21	 33120	 1	 2
4	 214002	 2	 5
3	 189822	 1	 2
5	 235274	 0	 5
12	 30668	 0	 0
9	 290744	 2	 6
11	 224172	 3	 6
6	 278929	 2	 3
25	 32121	 1	 1
9	 229198	 0	 2
5	 203684	 1	 2
7	 226828	 1	 3
22	 29989	 0	 2
7	 294733	 0	 8
3	 178106	 2	 4
16	 32925	 0	 0
0	 7132	 0	 1
3	 230767	 1	 1
8	 137003	 0	 2
13	 236810	 0	 6
9	 23923	 0	 2
2	 178772	 0	 4
11	 233804	 1	 7
12	 28612	 0	 2
19	 32310	 0	 1
9	 200203	 1	 5
2	 57181	 0	 2
7	 245199	 0	 6
5	 24894	 0	 1
8	 137316	 0	 4
7	 208201	 1	 6
5	 21254	 0	 0
17	 40534	 0	 1
8	 218807	 2	 3
3	 159226	 1	 2
14	 288674	 2	 7
0	 118	 0	 0
22	 292655	 2	 7
8	 179928	 2	 4
12	 36381	 0	 2
22	 36165	 0	 3
10	 226197	 0	 6
5	 154980	 0	 3
