A	 C	 G	 T
10	 0	 1	 8
3	 2	 4	 2
18	 6	 13	 20
12	 3	 2	 18
15	 8	 6	 19
1	 0	 1	 0
15	 9	 32	 11
6	 1	 5	 12
10	 6	 7	 6
1	 0	 0	 1
11	 10	 15	 15
5	 4	 12	 14
7	 7	 4	 17
0	 0	 0	 3
14	 7	 11	 12
11	 5	 9	 15
12	 2	 4	 14
0	 3	 2	 1
8	 4	 17	 22
12	 4	 8	 11
1	 0	 3	 2
0	 0	 0	 0
18	 2	 9	 9
5	 5	 11	 9
12	 10	 12	 15
1	 0	 0	 1
8	 9	 39	 14
19	 9	 12	 19
4	 0	 0	 0
1	 1	 1	 0
10	 1	 0	 15
3	 4	 2	 3
18	 4	 4	 23
2	 1	 2	 2
9	 7	 2	 8
10	 3	 28	 11
1	 0	 0	 2
7	 1	 2	 2
13	 4	 4	 14
11	 7	 3	 13
14	 9	 0	 17
0	 0	 0	 0
8	 15	 20	 18
13	 3	 16	 18
6	 2	 0	 0
4	 3	 4	 2
22	 6	 6	 14
6	 2	 1	 10
