A	 C	 G	 T
6	 170731	 2	 4
2	 36622	 0	 1
4	 299957	 0	 5
5	 198328	 0	 4
11	 242872	 3	 4
2	 37807	 0	 2
3	 204665	 1	 3
5	 184259	 3	 3
1	 226099	 2	 5
1	 36025	 0	 1
5	 281817	 2	 7
11	 218008	 0	 4
7	 270373	 2	 0
0	 36152	 0	 6
3	 222591	 0	 10
4	 198196	 0	 5
3	 219806	 0	 4
0	 33485	 0	 1
12	 283697	 0	 8
4	 172941	 2	 5
1	 37159	 0	 2
1	 8203	 0	 0
4	 223926	 1	 9
2	 133244	 1	 2
6	 227264	 0	 3
1	 27265	 2	 0
7	 174074	 0	 4
7	 226782	 0	 3
0	 32559	 1	 2
1	 37047	 1	 0
7	 193689	 0	 3
3	 55714	 0	 1
6	 237448	 0	 3
1	 29157	 0	 0
1	 133435	 2	 0
6	 202269	 2	 3
1	 24942	 0	 0
1	 45201	 1	 3
6	 212763	 1	 7
4	 154830	 0	 2
15	 280585	 1	 9
0	 117	 0	 0
11	 289035	 0	 8
3	 174690	 0	 7
3	 40507	 2	 1
1	 40327	 0	 3
4	 219953	 0	 4
7	 150611	 0	 1
