A	 C	 G	 T
8	 1	 168564	 1
2	 0	 36105	 5
8	 4	 296441	 4
5	 2	 195542	 1
16	 3	 240667	 1
1	 0	 37291	 1
6	 2	 201470	 0
9	 0	 182221	 1
9	 3	 222897	 4
0	 0	 35625	 1
8	 3	 278242	 3
10	 3	 215254	 1
13	 3	 267110	 5
4	 0	 35617	 1
13	 1	 219796	 1
8	 5	 195679	 3
9	 5	 217176	 0
1	 0	 33096	 0
15	 2	 281019	 4
7	 6	 170860	 3
1	 0	 36688	 1
0	 0	 8142	 0
7	 1	 221261	 1
2	 0	 131766	 0
9	 3	 224240	 5
1	 0	 26923	 1
12	 2	 172040	 4
8	 3	 223811	 1
4	 0	 32284	 0
1	 0	 36345	 2
6	 2	 191060	 1
3	 0	 55002	 0
10	 6	 234322	 0
1	 0	 28797	 0
4	 0	 131925	 0
2	 2	 199772	 3
1	 1	 24610	 0
5	 0	 44739	 1
9	 2	 210242	 0
8	 3	 152833	 1
9	 0	 277941	 4
0	 0	 115	 0
13	 4	 285185	 3
3	 0	 172401	 1
5	 0	 39856	 2
2	 1	 39804	 1
6	 4	 217509	 2
4	 3	 148673	 1
