A	 C	 G	 T
4	 4	 0	 175939
1	 2	 0	 31503
10	 17	 0	 308380
5	 5	 0	 205519
7	 3	 2	 250156
0	 0	 0	 33137
3	 7	 2	 214068
4	 7	 0	 189813
7	 4	 0	 235254
0	 3	 0	 30676
13	 17	 0	 290758
4	 9	 0	 224260
6	 7	 0	 279042
0	 0	 0	 32151
2	 11	 1	 229217
3	 5	 0	 203706
4	 9	 0	 226859
0	 2	 0	 30010
4	 11	 1	 294789
2	 7	 0	 178165
1	 3	 0	 32943
0	 0	 0	 7140
2	 6	 1	 230696
2	 3	 0	 136997
9	 14	 0	 236809
1	 2	 0	 23942
2	 9	 0	 178818
3	 3	 2	 233683
1	 2	 0	 28641
0	 0	 0	 32329
6	 11	 0	 200151
2	 2	 0	 57198
5	 17	 0	 245265
0	 0	 0	 24894
4	 6	 0	 137367
6	 8	 1	 208207
1	 3	 0	 21256
1	 2	 0	 40558
4	 10	 0	 218741
1	 1	 0	 159228
8	 10	 0	 288615
0	 0	 0	 118
7	 14	 0	 292728
4	 4	 0	 179940
0	 0	 1	 36386
2	 1	 0	 36187
8	 7	 1	 226233
4	 4	 1	 155025
