A	 C	 G	 T
9	 2	 24940	 2
2	 4	 16528	 0
12	 10	 107454	 9
6	 7	 84850	 0
10	 11	 156807	 2
3	 1	 24080	 0
6	 5	 156308	 0
5	 5	 83082	 5
11	 5	 119628	 5
4	 1	 8679	 3
12	 3	 195490	 3
9	 5	 142911	 4
11	 13	 120967	 4
2	 2	 23085	 3
9	 2	 141016	 2
15	 6	 111953	 2
7	 7	 64465	 6
1	 0	 19203	 1
12	 7	 194552	 13
5	 3	 112924	 5
3	 1	 22968	 0
1	 1	 4246	 0
6	 5	 120788	 4
4	 3	 97751	 2
10	 5	 140060	 5
0	 1	 14160	 0
6	 2	 117621	 5
8	 5	 127137	 5
2	 2	 6567	 0
2	 2	 20960	 1
4	 3	 27690	 5
1	 0	 30239	 2
9	 11	 95447	 2
4	 1	 15835	 0
8	 3	 31245	 4
13	 6	 143348	 6
1	 0	 10638	 1
3	 0	 19798	 0
7	 6	 89842	 5
5	 3	 101011	 2
9	 8	 47819	 8
0	 0	 74	 0
11	 7	 199785	 8
10	 3	 62835	 2
1	 1	 19241	 0
0	 0	 25138	 1
10	 4	 125723	 2
7	 6	 30828	 3
