A	 C	 G	 T
27	 1	 173570	 5
6	 0	 31015	 1
62	 12	 304620	 9
38	 6	 202918	 4
50	 8	 247211	 6
6	 3	 32661	 2
34	 6	 211286	 19
35	 6	 187444	 4
58	 3	 231896	 4
8	 0	 30252	 3
42	 4	 286967	 5
29	 2	 221624	 5
61	 9	 275577	 12
10	 1	 31678	 0
47	 4	 226562	 4
49	 7	 200992	 6
33	 4	 223889	 14
5	 0	 29605	 0
51	 4	 290722	 5
39	 5	 175833	 4
7	 0	 32510	 0
1	 0	 7044	 1
54	 3	 227853	 12
30	 4	 135278	 3
41	 5	 233742	 3
10	 0	 23600	 0
37	 4	 176674	 4
56	 4	 230727	 12
8	 2	 28178	 1
4	 1	 31849	 2
40	 4	 197493	 4
10	 2	 56522	 2
44	 3	 241406	 4
2	 1	 24564	 1
28	 3	 135573	 2
39	 2	 205606	 3
5	 1	 20950	 0
10	 0	 39958	 0
46	 8	 216106	 6
30	 2	 157339	 2
56	 5	 284765	 7
0	 0	 118	 0
56	 4	 288510	 8
30	 5	 177742	 6
8	 1	 35873	 1
14	 0	 35661	 0
43	 3	 223372	 6
27	 3	 153045	 6
