A	 C	 G	 T
15	 173688	 7	 4
3	 31051	 0	 1
11	 305058	 9	 12
5	 203039	 2	 7
5	 247084	 4	 7
2	 32573	 1	 1
9	 211148	 4	 8
17	 187582	 1	 6
16	 232076	 6	 9
3	 30348	 0	 1
14	 286827	 2	 14
6	 221761	 3	 8
15	 275784	 4	 9
1	 31616	 0	 0
5	 226329	 1	 10
9	 201016	 3	 3
4	 223809	 1	 8
2	 29599	 0	 0
24	 290908	 5	 6
9	 175882	 2	 4
5	 32532	 0	 3
0	 7054	 0	 1
9	 228571	 3	 4
8	 135490	 0	 3
6	 233733	 6	 5
1	 23623	 1	 1
6	 176512	 2	 2
10	 230948	 0	 9
0	 28325	 1	 4
0	 31919	 0	 2
10	 197739	 1	 9
3	 56505	 0	 3
8	 242047	 2	 3
1	 24507	 1	 2
7	 135769	 2	 5
2	 205456	 1	 12
3	 21007	 0	 1
1	 40051	 1	 0
4	 216407	 0	 5
9	 157308	 3	 4
14	 285667	 3	 9
0	 117	 0	 0
11	 288655	 2	 10
5	 177535	 0	 5
2	 35894	 1	 5
3	 35745	 0	 2
7	 223281	 3	 13
4	 152944	 4	 6
