A	 C	 G	 T
170353	 1	 1	 2
30429	 0	 1	 1
299909	 2	 2	 5
198884	 0	 0	 3
242904	 1	 3	 3
32052	 0	 1	 0
207498	 1	 4	 2
184239	 0	 3	 3
227558	 2	 4	 2
29670	 0	 3	 0
281787	 3	 2	 1
217846	 0	 4	 4
270349	 1	 4	 3
30968	 0	 2	 0
222304	 0	 0	 2
197075	 0	 3	 1
219484	 1	 3	 3
29038	 0	 2	 0
285311	 0	 3	 5
172599	 0	 0	 2
31887	 0	 0	 0
6889	 0	 0	 1
221895	 0	 1	 0
132783	 0	 1	 1
229487	 0	 1	 2
23232	 0	 4	 0
173399	 0	 1	 2
225566	 1	 7	 3
27640	 0	 1	 0
31137	 0	 0	 0
193461	 0	 1	 4
55355	 0	 1	 0
236642	 0	 1	 4
24045	 0	 1	 0
132918	 0	 3	 3
201609	 0	 3	 3
20531	 0	 2	 3
39070	 0	 0	 0
211954	 0	 2	 2
154518	 1	 0	 4
279003	 1	 3	 2
114	 0	 0	 0
283017	 2	 6	 3
174186	 0	 4	 2
35164	 0	 1	 3
34894	 0	 2	 0
219187	 0	 1	 6
150177	 0	 0	 3
