A	 C	 G	 T
24904	 0	 0	 0
16505	 0	 1	 0
107313	 0	 2	 1
84665	 0	 0	 1
156525	 0	 0	 0
24027	 0	 0	 0
156077	 0	 2	 1
82922	 0	 1	 1
119480	 0	 1	 3
8690	 0	 0	 0
195102	 0	 4	 3
142727	 1	 2	 2
120783	 0	 3	 1
23068	 0	 1	 0
140843	 0	 2	 3
111787	 0	 2	 2
64387	 0	 1	 0
19176	 0	 1	 0
194245	 0	 4	 1
112769	 0	 2	 1
22941	 0	 0	 0
4238	 0	 0	 0
120521	 1	 2	 3
97595	 0	 2	 1
139845	 1	 2	 1
14146	 0	 0	 0
117402	 0	 6	 1
126963	 0	 4	 1
6567	 0	 0	 0
20941	 0	 0	 1
27617	 0	 0	 0
30157	 0	 1	 0
95260	 0	 4	 1
15794	 0	 1	 0
31217	 0	 0	 0
142955	 0	 2	 2
10612	 0	 1	 0
19770	 0	 0	 0
89663	 0	 3	 0
100829	 0	 0	 0
47726	 0	 1	 2
74	 0	 0	 0
199521	 2	 5	 4
62737	 0	 0	 1
19183	 0	 0	 0
25073	 0	 0	 1
125558	 0	 2	 0
30826	 0	 0	 0
