A	 C	 G	 T
100	 879	 175643	 60
25	 48	 37679	 18
198	 905	 308199	 102
128	 805	 204624	 73
145	 1151	 249475	 84
28	 36	 38792	 21
128	 1674	 211552	 62
135	 708	 189692	 64
122	 475	 233344	 86
24	 28	 36999	 21
212	 1226	 290444	 116
138	 952	 223580	 75
212	 1175	 277932	 115
37	 43	 37353	 17
163	 880	 228517	 83
113	 792	 204062	 66
147	 763	 226237	 81
18	 31	 34440	 13
206	 1704	 291748	 103
134	 636	 177906	 68
27	 78	 38124	 16
6	 21	 8427	 7
150	 1201	 230349	 86
112	 745	 136884	 43
167	 1193	 233859	 84
18	 29	 28054	 14
112	 1016	 178842	 74
189	 967	 233504	 79
23	 53	 33375	 14
31	 36	 38295	 19
131	 722	 199582	 58
37	 1066	 57362	 22
157	 880	 244500	 76
23	 42	 30071	 10
89	 963	 136777	 42
131	 798	 208307	 60
14	 49	 25663	 11
33	 35	 46690	 19
154	 488	 218809	 74
95	 527	 158808	 50
189	 157	 288567	 103
0	 0	 119	 0
204	 639	 297319	 91
115	 410	 179928	 58
24	 36	 41865	 18
43	 35	 41617	 22
153	 741	 226162	 73
110	 678	 155073	 48
