A	 C	 G	 T
1	 11	 0	 175362
0	 1	 0	 31364
5	 16	 1	 307364
2	 4	 0	 204826
3	 16	 0	 249278
1	 0	 0	 32979
3	 11	 0	 213313
5	 10	 0	 189235
0	 8	 0	 234485
0	 5	 0	 30554
1	 19	 0	 289722
5	 10	 1	 223396
3	 18	 0	 278102
1	 2	 0	 32004
1	 11	 0	 228471
3	 8	 0	 202956
3	 10	 0	 226130
1	 5	 0	 29895
3	 15	 0	 293692
2	 10	 0	 177521
1	 1	 0	 32816
0	 0	 0	 7107
2	 8	 0	 230018
0	 6	 0	 136512
2	 12	 1	 235988
0	 2	 0	 23843
2	 9	 1	 178156
0	 14	 2	 232966
0	 1	 0	 28521
1	 0	 0	 32190
2	 14	 0	 199554
2	 3	 0	 57028
4	 11	 0	 244368
0	 2	 2	 24817
2	 4	 0	 136823
1	 9	 1	 207430
0	 1	 1	 21196
2	 1	 0	 40372
3	 18	 1	 218024
3	 10	 0	 158685
3	 15	 1	 287636
0	 0	 0	 117
1	 17	 0	 291617
2	 7	 0	 179388
1	 4	 0	 36251
0	 1	 0	 36039
3	 10	 0	 225492
0	 8	 0	 154463
