A	 C	 G	 T
0	 91998	 0	 0
0	 18958	 0	 0
0	 164572	 1	 4
0	 115589	 0	 3
0	 140443	 0	 4
0	 18102	 0	 0
0	 118134	 0	 1
0	 109305	 0	 1
0	 129226	 0	 0
0	 17280	 0	 0
0	 160479	 2	 2
0	 124654	 0	 1
0	 169693	 0	 2
0	 16980	 0	 2
0	 127172	 0	 1
0	 130857	 0	 2
0	 124195	 0	 1
0	 17015	 0	 0
0	 160859	 0	 2
0	 98185	 0	 0
0	 18070	 0	 0
0	 3810	 0	 0
0	 131434	 0	 3
0	 76338	 0	 0
0	 134709	 0	 4
0	 13644	 0	 1
0	 91557	 0	 0
0	 126656	 0	 3
0	 15258	 0	 0
0	 17145	 0	 0
0	 102549	 0	 2
0	 31677	 0	 0
0	 134813	 0	 1
0	 13993	 0	 0
0	 74458	 0	 1
0	 120690	 0	 4
0	 11207	 0	 0
0	 22061	 0	 1
0	 121844	 0	 2
0	 91039	 0	 0
0	 154283	 0	 6
0	 70	 0	 0
0	 155087	 1	 2
0	 93126	 0	 2
0	 19132	 0	 0
0	 18725	 0	 0
0	 124764	 0	 1
0	 62723	 0	 1
