A	 C	 G	 T
171075	 0	 5	 2
36837	 0	 4	 0
301229	 0	 8	 5
198180	 0	 6	 1
243814	 0	 11	 3
37977	 0	 2	 0
203905	 1	 2	 2
185061	 0	 7	 2
221981	 0	 3	 3
36185	 0	 1	 1
282894	 0	 9	 2
216495	 1	 5	 2
271547	 2	 11	 3
36353	 0	 2	 1
223561	 0	 11	 1
199113	 0	 6	 1
220784	 2	 8	 1
33600	 0	 2	 0
284904	 0	 8	 2
173685	 0	 4	 1
37319	 0	 2	 3
8241	 0	 0	 0
224951	 1	 9	 3
133855	 1	 8	 1
228290	 2	 3	 2
27407	 1	 3	 0
174789	 0	 10	 1
227915	 0	 3	 0
32681	 0	 0	 0
37199	 0	 2	 1
194427	 2	 2	 3
55931	 0	 2	 1
238462	 0	 14	 7
29318	 0	 1	 0
134050	 1	 4	 1
203107	 0	 15	 4
24815	 0	 0	 0
45447	 0	 0	 1
213698	 1	 5	 5
154997	 2	 0	 1
281637	 0	 6	 4
117	 0	 0	 0
290275	 1	 15	 6
175449	 1	 6	 2
40172	 0	 2	 0
40549	 0	 2	 0
220895	 1	 3	 2
151207	 1	 7	 2
