A	 C	 G	 T
3	 168506	 5	 3
3	 30052	 1	 1
3	 296159	 5	 6
3	 197071	 2	 3
7	 240475	 4	 8
1	 31671	 1	 2
7	 205524	 7	 7
4	 182177	 11	 3
8	 225409	 10	 5
4	 29309	 1	 1
16	 278838	 6	 7
13	 215858	 3	 5
10	 267856	 5	 3
3	 30549	 3	 1
4	 220247	 4	 6
6	 194971	 7	 4
12	 217309	 4	 3
3	 28687	 0	 0
29	 282653	 5	 4
10	 170958	 3	 6
1	 31542	 1	 3
2	 6829	 0	 0
7	 221164	 9	 6
1	 131604	 2	 7
13	 227126	 8	 7
0	 22919	 0	 0
5	 171679	 4	 4
8	 224204	 2	 6
2	 27310	 1	 1
1	 30809	 1	 0
5	 191491	 3	 6
1	 54922	 2	 2
12	 234300	 9	 5
0	 23789	 0	 1
8	 131743	 4	 1
14	 199774	 1	 9
2	 20262	 2	 0
5	 38640	 1	 1
8	 209570	 3	 8
6	 153067	 5	 4
7	 276059	 2	 6
0	 115	 0	 0
16	 280542	 6	 8
3	 172277	 5	 4
5	 34743	 0	 1
5	 34463	 0	 1
10	 216805	 6	 5
7	 148579	 2	 2
