A	 C	 G	 T
1	 0	 165935	 4
2	 0	 35575	 3
6	 3	 290972	 13
2	 0	 191717	 2
1	 0	 235163	 8
2	 0	 36737	 3
1	 0	 192329	 4
3	 1	 178951	 7
6	 2	 210995	 7
0	 0	 34997	 3
4	 1	 272684	 3
7	 1	 211223	 7
4	 1	 262396	 8
2	 1	 35061	 3
3	 1	 216290	 5
7	 1	 192765	 9
3	 1	 212729	 3
2	 0	 32362	 2
4	 1	 274921	 21
1	 1	 167802	 8
0	 0	 36100	 2
0	 0	 7965	 1
0	 0	 217666	 10
0	 2	 129870	 8
0	 5	 220771	 5
2	 0	 26549	 2
0	 2	 168977	 8
3	 0	 220726	 6
1	 0	 31596	 2
1	 0	 35929	 4
1	 2	 187560	 4
1	 0	 54140	 5
6	 2	 230258	 6
2	 0	 28287	 0
5	 1	 129914	 2
4	 1	 196461	 14
0	 1	 24142	 1
1	 0	 43787	 2
8	 0	 206810	 9
2	 0	 150692	 6
5	 3	 271907	 7
0	 0	 111	 0
3	 2	 280750	 10
2	 1	 169452	 10
0	 0	 37909	 4
1	 0	 39153	 2
6	 2	 213673	 11
4	 1	 146423	 5
