A	 C	 G	 T
3	 175948	 1	 8
0	 37764	 1	 0
17	 309068	 5	 15
3	 204627	 3	 12
18	 250156	 5	 19
1	 38952	 0	 3
9	 212536	 6	 15
6	 190095	 5	 13
8	 233720	 2	 16
1	 37149	 0	 0
45	 290895	 8	 24
11	 223712	 2	 5
21	 278666	 2	 25
1	 37421	 0	 5
9	 229100	 7	 21
10	 204595	 2	 11
14	 226899	 6	 13
0	 34605	 2	 2
36	 292410	 2	 12
12	 178382	 0	 9
0	 38255	 0	 6
2	 8483	 0	 0
21	 231070	 3	 16
6	 137185	 5	 7
13	 234471	 5	 18
0	 28171	 1	 2
14	 179266	 5	 11
10	 234148	 3	 14
0	 33504	 1	 4
3	 38381	 1	 2
16	 200263	 4	 10
11	 57302	 1	 6
14	 245170	 1	 17
0	 30189	 0	 2
2	 137224	 3	 5
14	 208737	 4	 13
1	 25718	 0	 2
3	 46825	 0	 4
14	 219358	 4	 11
5	 159103	 4	 9
10	 289458	 6	 18
0	 118	 0	 1
15	 298164	 4	 9
5	 180385	 5	 8
2	 42082	 0	 9
2	 41733	 0	 6
9	 226680	 6	 30
8	 155268	 0	 7
