A	 C	 G	 T
175880	 2	 1	 3
31451	 0	 1	 0
308249	 1	 3	 4
205453	 1	 1	 2
249983	 0	 3	 2
33096	 1	 1	 1
213960	 1	 5	 3
189805	 1	 1	 2
235184	 1	 4	 4
30667	 0	 1	 0
290605	 1	 1	 6
224114	 1	 1	 2
278925	 0	 4	 4
32116	 0	 0	 0
229161	 0	 2	 7
203592	 1	 5	 0
226804	 1	 1	 4
29976	 0	 1	 2
294590	 2	 3	 6
178113	 0	 1	 3
32924	 0	 0	 0
7129	 0	 0	 0
230660	 1	 4	 2
136941	 1	 1	 0
236696	 0	 1	 3
23919	 0	 0	 0
178737	 0	 2	 4
233747	 0	 1	 5
28614	 0	 1	 1
32305	 0	 0	 2
200152	 0	 2	 8
57184	 0	 0	 1
245124	 0	 3	 2
24893	 0	 1	 0
137278	 1	 1	 0
208104	 0	 4	 3
21251	 0	 0	 1
40533	 0	 1	 0
218698	 2	 3	 2
159204	 0	 4	 2
288514	 1	 3	 5
118	 0	 0	 0
292557	 1	 8	 2
179906	 0	 2	 3
36355	 0	 0	 1
36180	 0	 1	 0
226163	 1	 1	 6
154961	 0	 1	 4
