A	 C	 G	 T
5	 2796	 29	 175377
2	 240	 5	 37591
13	 3264	 39	 307294
8	 2606	 30	 202457
8	 3386	 39	 249150
2	 212	 3	 38703
8	 4718	 43	 207911
9	 2339	 27	 189180
8	 1689	 29	 229434
1	 161	 6	 36881
10	 3947	 50	 289552
1	 3103	 36	 222569
9	 3554	 46	 277471
1	 179	 6	 37182
10	 2817	 26	 228087
8	 2807	 21	 203743
7	 2789	 42	 225439
0	 177	 9	 34304
18	 4948	 46	 291798
3	 2170	 32	 177453
3	 261	 5	 38089
1	 100	 0	 8418
5	 3968	 40	 230199
4	 2337	 31	 137088
5	 3447	 31	 233582
1	 138	 8	 28009
5	 3271	 21	 178854
12	 3375	 36	 233291
2	 199	 3	 33285
1	 222	 1	 38089
12	 2397	 29	 198736
0	 3052	 8	 58142
6	 2995	 37	 243425
3	 196	 5	 29941
6	 2737	 14	 137345
8	 2700	 26	 207737
0	 198	 2	 25543
3	 237	 8	 46446
4	 1904	 34	 218018
2	 1779	 20	 158595
7	 1173	 39	 287037
0	 3	 1	 116
11	 2409	 44	 296144
8	 1598	 19	 179068
1	 192	 8	 41018
1	 191	 5	 41448
7	 2328	 44	 225707
3	 2141	 18	 154746
