A	 C	 G	 T
9	 0	 173337	 26
1	 1	 37239	 28
3	 3	 305114	 38
3	 1	 201593	 37
5	 5	 247029	 36
1	 1	 38392	 36
2	 1	 209339	 28
4	 1	 187425	 30
4	 1	 230641	 26
0	 1	 36654	 26
5	 3	 286520	 52
4	 1	 221107	 24
11	 0	 274845	 46
3	 1	 36866	 32
4	 2	 226042	 41
3	 3	 201667	 25
6	 2	 223689	 34
2	 0	 34148	 26
6	 3	 288640	 36
2	 0	 175935	 29
1	 1	 37731	 19
0	 0	 8354	 7
3	 1	 227945	 24
4	 2	 135507	 25
6	 5	 231075	 57
1	 2	 27748	 21
2	 1	 176927	 29
2	 3	 230777	 32
1	 1	 33101	 35
1	 1	 37699	 27
3	 4	 197181	 33
1	 0	 56541	 20
9	 4	 241513	 42
1	 0	 29702	 17
2	 1	 135502	 18
6	 1	 205712	 40
1	 0	 25336	 9
1	 0	 46071	 59
6	 0	 216513	 29
5	 2	 156945	 16
4	 2	 285428	 47
0	 0	 116	 0
4	 8	 293995	 63
2	 2	 177699	 28
2	 0	 41360	 34
1	 3	 41038	 19
10	 0	 223565	 42
3	 3	 152892	 18
