A	 C	 G	 T
9	 1	 168725	 2
1	 2	 36022	 0
30	 4	 296552	 15
8	 5	 195329	 9
14	 3	 239967	 5
3	 0	 37215	 9
15	 5	 200734	 7
15	 2	 182154	 6
16	 6	 222042	 8
3	 0	 35484	 4
13	 6	 278603	 8
19	 4	 215032	 6
5	 6	 267335	 9
3	 2	 35589	 3
13	 6	 220004	 4
7	 2	 196254	 3
17	 5	 217276	 11
3	 0	 32969	 4
14	 5	 280103	 29
13	 1	 171018	 7
4	 0	 36558	 1
0	 0	 8085	 0
7	 3	 221441	 11
9	 4	 131869	 8
8	 7	 224570	 15
3	 0	 26891	 0
12	 2	 172133	 6
13	 7	 224356	 4
2	 0	 32052	 0
4	 0	 36407	 4
4	 3	 191365	 3
4	 1	 55022	 5
10	 2	 234642	 14
4	 1	 28700	 1
9	 1	 131835	 2
16	 3	 200007	 1
4	 2	 24559	 0
3	 1	 44490	 6
9	 1	 210470	 17
0	 2	 152984	 2
10	 3	 277439	 11
0	 0	 114	 0
22	 6	 285739	 8
14	 7	 172738	 2
2	 1	 39462	 6
4	 0	 39771	 5
11	 1	 217605	 7
7	 4	 148901	 1
