A	 C	 G	 T
3	 170916	 2	 6
1	 30532	 0	 2
8	 300778	 2	 8
2	 199608	 1	 10
3	 243730	 3	 17
0	 32173	 0	 2
3	 208228	 4	 6
4	 184837	 5	 5
5	 228373	 1	 7
0	 29773	 1	 2
9	 282726	 1	 15
4	 218544	 3	 6
7	 271356	 0	 9
2	 31105	 0	 2
7	 223059	 3	 13
4	 197760	 1	 3
6	 220245	 2	 8
1	 29124	 0	 4
8	 286321	 2	 15
0	 173176	 1	 6
2	 32022	 0	 1
1	 6920	 0	 0
4	 222432	 1	 7
4	 133225	 1	 5
3	 230268	 1	 10
1	 23324	 0	 2
2	 173982	 3	 12
7	 226376	 2	 9
1	 27737	 0	 0
1	 31265	 0	 1
6	 194180	 2	 5
1	 55563	 1	 0
3	 237491	 1	 11
0	 24132	 0	 3
3	 133369	 0	 4
3	 202355	 3	 6
1	 20615	 0	 2
0	 39231	 0	 4
2	 212682	 1	 7
4	 155024	 3	 5
5	 280025	 0	 10
0	 114	 0	 0
4	 284053	 2	 8
1	 174645	 1	 11
0	 35299	 0	 2
1	 35038	 0	 3
5	 219972	 0	 8
3	 150730	 0	 6
