A	 C	 G	 T
175990	 0	 9	 4
31520	 0	 1	 2
308334	 3	 5	 14
205571	 0	 10	 6
250256	 0	 7	 12
33136	 0	 1	 2
214106	 0	 8	 5
189851	 0	 7	 8
235303	 1	 14	 5
30687	 1	 1	 1
290795	 1	 12	 12
224270	 0	 7	 2
279162	 0	 14	 11
32156	 0	 2	 1
229253	 0	 7	 5
203709	 1	 10	 6
226885	 0	 15	 6
30018	 0	 1	 2
294797	 1	 9	 8
178173	 0	 4	 11
32948	 0	 3	 2
7139	 0	 1	 0
230682	 0	 9	 6
136992	 0	 5	 6
236899	 1	 5	 9
23930	 0	 3	 1
178897	 0	 9	 5
233770	 0	 7	 7
28628	 0	 3	 1
32348	 0	 1	 0
200179	 1	 6	 3
57209	 0	 1	 1
245134	 3	 10	 10
24892	 0	 1	 0
137398	 0	 9	 5
208265	 1	 3	 4
21277	 0	 1	 0
40542	 0	 1	 0
218805	 0	 9	 7
159293	 0	 2	 3
288522	 1	 16	 11
117	 0	 0	 0
292784	 1	 13	 7
180001	 0	 6	 6
36380	 0	 1	 1
36211	 1	 1	 2
226264	 0	 9	 6
155046	 2	 6	 5
