A	 C	 G	 T
172746	 0	 4	 1
37002	 0	 3	 4
303372	 0	 3	 2
200757	 0	 12	 2
245480	 0	 7	 4
38187	 0	 0	 0
207132	 0	 7	 0
186404	 0	 9	 1
228625	 0	 6	 2
36361	 0	 2	 0
285302	 0	 7	 2
220147	 0	 4	 2
273520	 1	 11	 1
36508	 0	 5	 0
225113	 1	 10	 3
200782	 0	 3	 1
222436	 0	 8	 3
33804	 0	 7	 1
286812	 3	 20	 1
175035	 0	 11	 1
37489	 0	 2	 3
8309	 0	 0	 0
226686	 0	 6	 1
134832	 0	 6	 2
229980	 1	 5	 1
27543	 0	 2	 0
176058	 1	 12	 1
229761	 0	 7	 4
32841	 0	 1	 0
37489	 1	 1	 2
196091	 0	 7	 3
56242	 0	 1	 1
240394	 0	 4	 1
29519	 0	 4	 1
134835	 0	 5	 1
204783	 0	 13	 5
25208	 0	 1	 1
45735	 0	 4	 1
215405	 0	 8	 0
156491	 1	 8	 1
283922	 0	 11	 3
116	 0	 0	 0
292475	 0	 9	 4
176877	 2	 8	 2
40862	 0	 4	 1
40786	 0	 5	 0
222689	 0	 10	 0
152459	 0	 3	 2
