A	 C	 G	 T
9	 175943	 2	 1
6	 31470	 2	 2
21	 308436	 1	 4
10	 205581	 1	 4
7	 250179	 2	 4
2	 33132	 0	 3
10	 214082	 1	 5
7	 189899	 3	 3
4	 235356	 1	 5
2	 30682	 0	 1
28	 290818	 5	 6
8	 224229	 4	 8
8	 279108	 3	 5
2	 32131	 0	 1
8	 229293	 3	 4
3	 203766	 2	 4
8	 226932	 1	 4
1	 29997	 0	 0
25	 294820	 3	 2
4	 178218	 1	 4
6	 32935	 0	 3
1	 7137	 0	 0
12	 230810	 0	 5
7	 137024	 1	 1
8	 236871	 1	 5
1	 23931	 0	 1
8	 178850	 2	 3
7	 233913	 2	 4
3	 28622	 1	 1
1	 32330	 0	 3
10	 200267	 3	 5
2	 57223	 2	 0
8	 245285	 4	 3
3	 24914	 0	 2
9	 137335	 4	 6
5	 208282	 1	 1
2	 21260	 0	 0
8	 40547	 0	 0
6	 218837	 4	 6
10	 159269	 2	 4
10	 288720	 2	 10
0	 118	 0	 0
22	 292731	 3	 10
6	 180011	 0	 3
5	 36363	 0	 2
7	 36194	 0	 0
12	 226305	 1	 3
13	 155041	 1	 3
