A	 C	 G	 T
131773	 25	 8	 2364
24878	 4	 6	 137
236719	 61	 25	 2489
155089	 58	 7	 2113
194362	 98	 20	 2830
26455	 1	 6	 109
167468	 119	 10	 4244
141379	 100	 14	 1847
181185	 31	 25	 1181
22673	 1	 7	 55
219370	 207	 21	 3230
169392	 77	 16	 2589
207977	 49	 19	 2820
24932	 3	 4	 73
171821	 52	 11	 2257
149932	 82	 12	 2275
166122	 33	 11	 2236
23648	 0	 5	 82
221470	 140	 20	 4256
135458	 52	 13	 1716
26371	 2	 4	 148
5653	 1	 0	 73
184130	 78	 17	 3394
108505	 84	 9	 2007
190706	 54	 18	 2941
19216	 4	 3	 71
137591	 60	 7	 2815
175243	 85	 11	 2772
20351	 1	 2	 114
25190	 0	 6	 130
141749	 52	 16	 1944
42921	 76	 9	 2893
199464	 58	 15	 2451
19127	 2	 0	 111
102478	 59	 8	 2397
157631	 92	 16	 2196
16555	 2	 3	 118
29766	 2	 2	 106
158624	 47	 13	 1329
127011	 72	 7	 1384
202308	 29	 28	 506
98	 0	 1	 4
221657	 66	 11	 1638
136070	 68	 8	 1171
28745	 7	 3	 79
28829	 6	 4	 85
170173	 98	 14	 1704
117724	 107	 11	 1724
