A	 C	 G	 T
142	 6	 178292	 258
35	 1	 37761	 64
230	 9	 310508	 458
149	 4	 206101	 337
193	 11	 252530	 370
41	 1	 38854	 58
161	 7	 213119	 333
141	 4	 191622	 312
174	 4	 231037	 369
21	 2	 36981	 70
207	 6	 293698	 456
164	 6	 225937	 383
229	 7	 281126	 454
23	 2	 37382	 53
169	 8	 231037	 352
158	 8	 206550	 324
148	 6	 228420	 339
30	 2	 34398	 58
241	 7	 296896	 473
129	 6	 179559	 305
35	 2	 38314	 66
8	 1	 8508	 16
186	 5	 234191	 355
115	 5	 139354	 233
191	 7	 237134	 359
20	 1	 28121	 46
139	 3	 182199	 262
155	 6	 236717	 370
26	 0	 33501	 50
22	 1	 38333	 52
134	 7	 201456	 317
43	 2	 61212	 96
165	 9	 246906	 374
20	 1	 30138	 50
105	 5	 139906	 208
166	 7	 210566	 314
17	 0	 25762	 49
28	 1	 46703	 80
127	 6	 219981	 365
110	 7	 160266	 252
222	 11	 288215	 391
0	 0	 120	 0
214	 6	 298688	 446
111	 9	 180749	 263
48	 2	 41209	 75
34	 1	 41664	 52
160	 8	 227924	 393
122	 7	 156957	 235
