A	 C	 G	 T
8	 177130	 3	 248
0	 37569	 3	 73
8	 308773	 6	 433
9	 203837	 2	 296
7	 250985	 6	 366
0	 38684	 0	 62
10	 211396	 1	 338
3	 190315	 5	 314
11	 229784	 6	 301
1	 36833	 0	 66
12	 291834	 4	 436
4	 224231	 2	 306
14	 279321	 8	 468
0	 37136	 0	 80
5	 229559	 8	 343
9	 205321	 3	 297
6	 227014	 3	 345
1	 34251	 0	 65
15	 294937	 4	 401
6	 178463	 3	 306
1	 38095	 1	 81
2	 8446	 0	 15
4	 232841	 2	 331
6	 138593	 3	 201
3	 235694	 4	 317
0	 27968	 0	 54
7	 181103	 3	 232
7	 235301	 6	 341
1	 33290	 0	 47
1	 38092	 2	 85
6	 199947	 4	 320
4	 60853	 2	 84
9	 245098	 2	 328
0	 29972	 0	 57
5	 139085	 4	 194
7	 209242	 2	 279
1	 25575	 0	 53
0	 46419	 3	 87
9	 218554	 5	 333
4	 159315	 3	 254
5	 286547	 5	 450
0	 119	 0	 1
10	 296805	 3	 462
10	 179610	 1	 259
0	 40917	 0	 85
1	 41397	 1	 77
8	 226679	 4	 353
10	 155921	 3	 225
