A	 C	 G	 T
4	 3	 17018	 9
0	 2	 2834	 2
7	 5	 49706	 28
4	 8	 17280	 11
3	 8	 24605	 15
0	 2	 2864	 2
5	 9	 18239	 20
2	 7	 22223	 25
6	 10	 20950	 19
0	 1	 2425	 1
1	 1	 28421	 26
2	 5	 21772	 17
4	 7	 24495	 21
1	 1	 2697	 5
4	 6	 21877	 16
2	 4	 17962	 14
5	 11	 20625	 21
0	 2	 2608	 2
8	 8	 27602	 32
0	 3	 18271	 16
0	 1	 3092	 1
0	 0	 557	 1
2	 13	 35288	 23
1	 1	 13758	 15
7	 9	 25596	 27
1	 0	 2748	 0
4	 2	 16742	 8
8	 9	 23194	 24
1	 0	 2061	 5
2	 0	 2736	 1
5	 2	 15688	 17
1	 3	 4373	 6
5	 4	 17923	 13
1	 2	 2557	 2
1	 8	 9812	 13
5	 3	 19432	 10
0	 0	 1657	 3
1	 0	 3283	 2
1	 6	 18561	 17
5	 1	 14945	 11
4	 10	 21080	 23
0	 0	 7	 0
8	 9	 28618	 15
5	 7	 20640	 11
0	 1	 2844	 4
3	 1	 3087	 2
6	 11	 20987	 24
1	 8	 13606	 7
