A	 C	 G	 T
5	 1	 36762	 4
0	 0	 6318	 1
11	 1	 85721	 5
8	 0	 49746	 2
2	 0	 55173	 6
0	 0	 6149	 0
8	 1	 47501	 1
6	 0	 41865	 10
7	 1	 52269	 1
1	 0	 8682	 0
2	 1	 66416	 11
5	 2	 57214	 2
10	 2	 64704	 4
2	 0	 7179	 0
4	 6	 52994	 4
3	 3	 47418	 4
10	 0	 50379	 6
3	 0	 6585	 2
7	 4	 69500	 10
5	 0	 40987	 4
0	 0	 7977	 1
0	 0	 1692	 0
13	 1	 73546	 6
5	 1	 35940	 1
6	 1	 52512	 5
0	 0	 4901	 2
1	 0	 43260	 5
9	 1	 62907	 6
1	 1	 7938	 1
2	 0	 8004	 0
8	 0	 47961	 4
0	 2	 13298	 3
5	 1	 58669	 7
0	 0	 5368	 0
7	 0	 32565	 4
3	 2	 49963	 7
0	 1	 5239	 0
4	 1	 11041	 1
8	 2	 60644	 1
3	 1	 39204	 7
11	 3	 92786	 3
0	 0	 25	 0
5	 0	 67333	 5
7	 2	 42101	 4
1	 0	 8026	 2
0	 1	 8656	 0
2	 1	 53241	 2
1	 0	 35771	 2
