A	 C	 G	 T
7	 8	 172149	 6
5	 3	 30897	 4
11	 31	 300784	 11
9	 29	 200565	 5
18	 29	 244783	 13
3	 1	 32352	 1
11	 30	 209177	 11
10	 41	 185112	 7
15	 15	 230010	 17
1	 3	 30034	 1
22	 47	 283428	 5
11	 38	 218731	 10
12	 12	 272342	 12
1	 2	 31351	 3
14	 15	 223668	 8
8	 36	 198351	 7
13	 9	 221077	 11
0	 0	 29486	 1
15	 28	 287512	 9
12	 25	 173752	 3
3	 4	 32196	 0
0	 1	 6967	 0
16	 19	 226013	 7
8	 16	 133926	 11
10	 8	 232372	 2
0	 1	 23528	 1
19	 17	 174427	 6
11	 26	 227666	 5
2	 2	 27904	 0
6	 2	 31648	 0
9	 18	 194910	 15
7	 21	 55800	 4
9	 15	 240858	 6
5	 2	 24229	 2
4	 9	 134588	 2
8	 35	 202760	 8
2	 1	 20794	 1
1	 9	 39317	 2
15	 33	 213114	 4
8	 25	 156496	 5
16	 16	 281066	 13
0	 0	 118	 0
14	 22	 285151	 14
17	 30	 175246	 7
2	 5	 35601	 1
2	 4	 35315	 0
14	 48	 220548	 9
4	 30	 151035	 17
