A	 C	 G	 T
14	 151014	 2	 3
3	 32795	 0	 0
11	 265715	 0	 3
7	 159806	 0	 1
12	 211222	 1	 3
2	 33965	 0	 2
10	 143985	 0	 2
10	 161320	 1	 3
9	 166190	 0	 5
0	 32358	 0	 2
20	 244923	 2	 4
13	 187861	 1	 1
15	 239853	 5	 7
2	 31961	 1	 3
7	 198199	 0	 2
11	 177761	 0	 2
14	 190767	 2	 2
1	 28516	 0	 1
19	 248649	 2	 4
7	 151086	 1	 4
2	 32829	 0	 0
0	 7281	 0	 0
13	 200265	 2	 4
13	 120930	 0	 3
5	 202606	 0	 5
1	 24255	 0	 0
9	 154140	 0	 0
13	 204575	 0	 5
2	 28576	 0	 1
2	 32349	 0	 3
13	 167960	 1	 6
2	 50060	 0	 1
12	 205181	 0	 3
1	 25704	 0	 0
8	 121093	 0	 3
9	 178922	 2	 3
1	 21731	 0	 0
1	 39974	 1	 1
9	 188602	 1	 4
9	 139130	 1	 1
9	 247197	 2	 6
0	 104	 0	 0
16	 257629	 3	 5
16	 153794	 0	 2
2	 28204	 0	 0
5	 35829	 0	 0
12	 195752	 0	 3
6	 133852	 0	 4
