A	 C	 G	 T
14	 173525	 0	 12
9	 31044	 0	 1
36	 304581	 0	 9
12	 202901	 0	 5
13	 247220	 0	 1
6	 32672	 0	 2
21	 211401	 0	 5
24	 187478	 0	 6
25	 231837	 0	 9
2	 30266	 0	 1
31	 287070	 0	 6
23	 221650	 0	 11
30	 275567	 1	 2
5	 31674	 0	 1
19	 226549	 0	 12
31	 200917	 0	 8
15	 223949	 0	 10
3	 29594	 0	 4
50	 290729	 0	 7
12	 175831	 0	 9
6	 32507	 0	 0
1	 7046	 0	 0
20	 227289	 0	 3
11	 135320	 0	 2
31	 233729	 1	 10
5	 23615	 0	 3
18	 176695	 0	 7
15	 230677	 0	 5
8	 28167	 0	 0
6	 31837	 0	 2
13	 197512	 0	 5
3	 56494	 0	 2
19	 241422	 0	 2
3	 24559	 0	 0
16	 135560	 0	 5
20	 205639	 0	 8
3	 20958	 0	 1
10	 39934	 0	 2
21	 216023	 0	 5
13	 157368	 0	 9
30	 284710	 0	 5
0	 118	 0	 0
20	 288524	 1	 9
14	 177464	 0	 8
3	 35896	 0	 1
3	 35680	 0	 0
20	 223398	 0	 4
7	 153121	 0	 4
