A	 C	 G	 T
164756	 1	 0	 5
29414	 1	 0	 0
290836	 2	 0	 10
192747	 2	 0	 4
235009	 5	 0	 15
30698	 1	 0	 2
200382	 6	 0	 16
178682	 5	 0	 11
220542	 5	 0	 3
28672	 1	 0	 3
272265	 8	 0	 14
210894	 5	 0	 7
261759	 5	 0	 18
29721	 1	 0	 1
214953	 5	 0	 9
190551	 1	 0	 8
212226	 3	 0	 5
28093	 1	 0	 2
275697	 6	 0	 15
166798	 3	 0	 8
30692	 0	 0	 4
6694	 0	 0	 1
216813	 4	 0	 14
128121	 3	 0	 6
220417	 2	 0	 9
22007	 1	 0	 3
166808	 4	 0	 10
218599	 4	 0	 10
26601	 1	 0	 1
30053	 2	 0	 1
187118	 4	 0	 4
53698	 2	 0	 3
229014	 8	 0	 4
23145	 1	 0	 0
129135	 3	 0	 6
194158	 2	 0	 11
19805	 0	 0	 2
37744	 1	 0	 2
204803	 3	 0	 10
149370	 2	 0	 11
269926	 5	 0	 12
106	 0	 0	 0
273122	 4	 0	 7
168927	 0	 0	 9
33960	 1	 0	 1
33550	 2	 0	 1
211882	 2	 0	 5
145747	 0	 0	 6
