A	 C	 G	 T
172925	 3	 2	 1
31031	 0	 8	 1
302146	 3	 12	 6
201494	 4	 8	 3
245727	 8	 18	 3
32499	 2	 3	 1
210095	 4	 11	 2
185966	 4	 26	 6
230924	 4	 4	 4
30153	 0	 4	 0
284814	 6	 17	 7
219605	 4	 27	 5
273531	 6	 6	 3
31504	 0	 2	 0
224633	 6	 9	 2
199394	 4	 18	 2
222153	 4	 4	 2
29604	 0	 5	 0
288825	 8	 14	 3
174560	 4	 15	 1
32320	 1	 3	 1
7002	 0	 0	 0
226941	 5	 2	 6
134456	 3	 11	 2
233269	 5	 3	 3
23620	 0	 4	 0
175227	 6	 3	 6
228780	 3	 20	 2
28027	 1	 5	 1
31774	 2	 5	 0
196001	 0	 6	 5
56071	 2	 2	 1
241899	 1	 4	 2
24368	 1	 5	 0
135126	 1	 4	 1
203781	 5	 15	 5
20897	 1	 2	 0
39542	 0	 4	 0
214178	 3	 13	 2
157041	 2	 14	 4
282520	 2	 9	 4
118	 0	 0	 0
286557	 6	 18	 3
176113	 4	 17	 2
35736	 0	 8	 1
35470	 0	 9	 1
221593	 4	 26	 5
151721	 4	 21	 5
