A	 C	 G	 T
5	 4	 173182	 3
5	 0	 30948	 2
6	 7	 303963	 7
7	 2	 202337	 12
5	 3	 246453	 4
0	 0	 32551	 1
11	 7	 210532	 8
6	 3	 187009	 3
9	 6	 231235	 14
2	 0	 30160	 1
7	 5	 285960	 5
5	 3	 220901	 5
10	 0	 274759	 6
1	 0	 31551	 0
14	 4	 225706	 6
8	 8	 200283	 9
10	 2	 223243	 4
2	 0	 29505	 1
10	 2	 289631	 23
8	 3	 175250	 3
5	 1	 32414	 0
1	 0	 7017	 0
13	 4	 227359	 13
5	 1	 134861	 6
8	 3	 233047	 8
0	 0	 23537	 0
10	 7	 175983	 9
7	 4	 229957	 5
0	 0	 28089	 0
2	 1	 31684	 0
9	 3	 196963	 7
1	 1	 56325	 4
10	 9	 240558	 4
2	 1	 24466	 1
4	 0	 135191	 4
2	 4	 204815	 2
0	 2	 20872	 0
2	 2	 39819	 0
10	 1	 215484	 2
9	 1	 156890	 6
10	 10	 283872	 10
0	 0	 118	 0
9	 2	 287448	 6
11	 1	 177103	 5
3	 0	 35744	 1
6	 0	 35508	 0
8	 2	 222669	 11
1	 6	 152179	 2
