A	 C	 G	 T
9	 167142	 0	 1
3	 29818	 0	 1
18	 294850	 1	 0
10	 195073	 1	 1
8	 238273	 4	 1
3	 31341	 0	 0
20	 203397	 1	 3
17	 180899	 1	 1
16	 223083	 3	 2
6	 29048	 0	 0
19	 275939	 2	 5
10	 213733	 0	 0
19	 265146	 6	 0
2	 30279	 0	 0
14	 217885	 0	 3
13	 193178	 3	 3
16	 215144	 1	 1
3	 28407	 0	 0
24	 279293	 0	 2
6	 169288	 1	 0
3	 31254	 1	 0
1	 6744	 1	 0
10	 218935	 0	 2
11	 130339	 1	 1
10	 225050	 0	 2
3	 22778	 0	 1
7	 169813	 3	 0
7	 221153	 1	 2
5	 27024	 1	 0
1	 30420	 0	 0
14	 189482	 0	 0
5	 54198	 0	 0
17	 231559	 1	 1
6	 23481	 0	 0
8	 130406	 1	 0
8	 197381	 1	 3
1	 20068	 0	 1
5	 38134	 0	 0
9	 207615	 2	 4
6	 151726	 3	 1
12	 273101	 3	 5
0	 113	 0	 0
15	 277093	 4	 2
20	 170853	 0	 0
6	 34367	 0	 1
7	 34058	 0	 0
17	 214665	 0	 1
9	 147092	 0	 1
