A	 C	 G	 T
169404	 0	 4	 6
36270	 0	 1	 3
297991	 0	 3	 6
196322	 0	 2	 0
241082	 0	 0	 16
37442	 0	 2	 0
202174	 0	 2	 5
183059	 0	 1	 4
223718	 1	 4	 4
35780	 0	 2	 0
279664	 0	 4	 5
216192	 0	 1	 13
268502	 0	 3	 7
35781	 1	 2	 3
220918	 0	 5	 8
196740	 0	 0	 7
218283	 0	 1	 5
33253	 0	 1	 0
281596	 0	 1	 9
171754	 0	 3	 3
36833	 0	 0	 1
8146	 0	 0	 0
222403	 0	 2	 3
132416	 1	 0	 4
225419	 0	 1	 8
27068	 0	 0	 1
172897	 0	 1	 7
225051	 0	 1	 5
32326	 0	 1	 2
36543	 0	 0	 1
192046	 0	 5	 3
55273	 0	 0	 0
235463	 0	 1	 5
28953	 0	 2	 1
132543	 0	 0	 5
200822	 0	 2	 2
24719	 0	 0	 1
44831	 0	 0	 2
211262	 0	 3	 5
153603	 0	 1	 5
278497	 0	 1	 8
116	 0	 0	 0
286672	 0	 2	 10
173266	 0	 3	 0
40011	 0	 1	 1
39964	 0	 1	 1
218567	 0	 2	 5
149508	 0	 0	 3
