A	 C	 G	 T
2	 1	 169147	 0
3	 0	 36358	 0
2	 2	 298233	 3
2	 1	 196733	 2
1	 0	 242314	 4
2	 0	 37505	 0
4	 0	 204403	 3
4	 1	 183364	 2
4	 1	 224534	 0
1	 0	 35798	 2
3	 0	 280196	 6
1	 2	 216090	 1
6	 2	 268724	 4
1	 1	 35866	 2
3	 1	 221115	 2
1	 2	 196892	 2
4	 1	 218636	 4
1	 0	 33316	 1
5	 0	 282897	 5
3	 0	 171951	 1
0	 0	 36893	 3
0	 0	 8197	 0
1	 2	 222623	 5
2	 0	 132380	 5
2	 2	 225614	 8
1	 0	 27090	 1
0	 1	 173056	 2
2	 2	 225120	 7
0	 0	 32461	 6
1	 0	 36656	 0
0	 4	 192506	 4
0	 0	 55317	 1
1	 1	 236015	 3
0	 0	 29010	 3
0	 0	 132618	 2
6	 1	 201154	 1
1	 0	 24687	 2
2	 2	 45041	 4
4	 5	 211534	 0
1	 1	 153313	 2
5	 1	 279583	 5
0	 0	 115	 0
7	 2	 286923	 4
0	 1	 173570	 1
1	 0	 40209	 2
1	 0	 40056	 1
6	 2	 218746	 4
0	 0	 149660	 3
