A	 C	 G	 T
170881	 1	 0	 1
30458	 0	 0	 0
300306	 8	 0	 3
199857	 4	 0	 6
243656	 2	 0	 2
32116	 0	 0	 0
208302	 0	 0	 4
184772	 4	 0	 0
228509	 4	 0	 3
29744	 2	 0	 0
282746	 2	 1	 7
218619	 5	 0	 6
271593	 2	 0	 4
31059	 0	 0	 1
223364	 4	 0	 2
197915	 1	 0	 1
220416	 2	 0	 3
29087	 1	 0	 1
286385	 6	 0	 2
173359	 2	 0	 1
31983	 0	 0	 2
6922	 0	 0	 0
224431	 2	 0	 5
133379	 3	 0	 4
230249	 6	 0	 2
23126	 0	 0	 0
174053	 0	 0	 2
227277	 5	 1	 3
27728	 0	 0	 2
31298	 1	 0	 1
194366	 5	 0	 6
55689	 1	 0	 1
237732	 6	 0	 2
24114	 0	 0	 1
133564	 3	 0	 0
202596	 4	 0	 2
20582	 0	 0	 1
39238	 1	 0	 0
212733	 4	 0	 2
155066	 2	 0	 2
280193	 2	 0	 2
116	 0	 0	 0
284352	 0	 0	 2
174923	 2	 0	 1
35248	 0	 0	 2
35018	 0	 0	 1
219943	 7	 0	 4
150805	 2	 0	 2
