A	 C	 G	 T
2	 2	 0	 118486
0	 1	 0	 21625
2	 7	 0	 208557
2	 5	 0	 139761
2	 2	 0	 173863
0	 1	 0	 22217
0	 5	 0	 151548
1	 2	 0	 130609
1	 3	 0	 161109
0	 1	 0	 20396
1	 4	 0	 200099
3	 3	 0	 155393
2	 1	 0	 190654
0	 3	 0	 21473
3	 5	 0	 158473
2	 2	 0	 138220
3	 5	 0	 153477
0	 1	 0	 20359
2	 6	 0	 201739
1	 2	 0	 123067
0	 1	 0	 22353
0	 0	 0	 4819
0	 3	 0	 163052
1	 2	 0	 94168
0	 6	 0	 161030
0	 1	 0	 16499
0	 1	 0	 120228
3	 3	 0	 156844
0	 1	 0	 18827
0	 1	 0	 21439
3	 1	 0	 134116
0	 2	 0	 39048
1	 3	 0	 163664
0	 0	 0	 16805
1	 3	 0	 92893
2	 4	 0	 141955
1	 1	 0	 14055
0	 0	 0	 26772
2	 4	 0	 147523
0	 4	 0	 110079
2	 5	 0	 191718
0	 0	 0	 77
1	 8	 0	 199325
2	 1	 0	 128185
0	 3	 0	 24559
0	 2	 0	 24078
4	 4	 0	 155447
2	 3	 0	 97439
