A	 C	 G	 T
179543	 8	 2	 7
31860	 4	 4	 1
313115	 27	 4	 7
209132	 16	 9	 8
254832	 22	 5	 11
33441	 4	 7	 1
219933	 14	 3	 4
193245	 16	 2	 2
238210	 31	 4	 6
30914	 2	 4	 1
296503	 27	 7	 13
228347	 11	 7	 2
283852	 21	 5	 8
32431	 6	 1	 3
233079	 16	 5	 5
207546	 15	 6	 5
230748	 13	 6	 3
30269	 6	 2	 2
301438	 21	 5	 6
181158	 12	 5	 4
33311	 5	 0	 2
7265	 0	 0	 0
235823	 19	 4	 6
140053	 8	 3	 3
241462	 22	 0	 4
24159	 4	 4	 1
182902	 6	 2	 4
238295	 17	 3	 6
28941	 1	 2	 0
32673	 3	 7	 0
203646	 18	 5	 4
60709	 6	 2	 1
249473	 15	 4	 8
25189	 1	 3	 3
140672	 5	 0	 4
212040	 11	 4	 8
21550	 1	 0	 0
40876	 4	 5	 2
221601	 19	 4	 11
161797	 16	 1	 8
291184	 17	 5	 7
125	 0	 0	 0
296427	 23	 7	 6
182581	 10	 4	 4
36687	 3	 5	 2
36512	 4	 1	 1
229575	 28	 5	 5
158044	 17	 3	 6
