A	 C	 G	 T
9	 0	 172968	 7
1	 1	 37056	 3
15	 2	 303749	 18
4	 0	 200956	 5
5	 1	 245839	 1
3	 0	 38217	 5
5	 1	 207269	 4
3	 0	 186661	 7
7	 1	 228795	 5
1	 0	 36382	 3
4	 1	 285682	 8
11	 2	 220340	 5
11	 4	 273922	 8
2	 0	 36570	 2
5	 2	 225425	 4
4	 0	 201106	 2
5	 1	 222783	 4
2	 0	 33841	 1
8	 3	 287224	 5
3	 0	 175290	 7
1	 0	 37541	 0
0	 0	 8315	 1
6	 0	 227027	 5
6	 0	 135025	 1
3	 1	 230359	 9
0	 0	 27560	 1
5	 0	 176318	 6
4	 1	 230186	 5
3	 0	 32859	 2
2	 1	 37548	 1
10	 0	 196381	 8
3	 0	 56321	 1
4	 1	 240699	 15
3	 0	 29571	 1
2	 0	 135066	 12
11	 2	 205065	 3
0	 0	 25246	 1
1	 1	 45771	 0
4	 0	 215640	 4
6	 0	 156772	 3
5	 1	 284355	 3
0	 0	 116	 0
8	 1	 292895	 12
7	 0	 177171	 7
2	 0	 40899	 5
0	 0	 40845	 2
6	 0	 222948	 13
2	 1	 152657	 1
