A	 C	 G	 T
1	 6	 0	 170736
0	 6	 0	 36572
7	 11	 0	 300078
2	 8	 0	 197470
2	 3	 0	 242696
3	 2	 0	 37770
5	 4	 1	 203113
3	 9	 0	 184271
4	 8	 1	 224641
2	 0	 0	 36030
3	 13	 0	 281667
3	 6	 0	 217603
3	 12	 0	 270420
1	 2	 0	 36088
3	 9	 0	 222531
1	 9	 0	 198260
8	 5	 0	 219755
0	 4	 0	 33462
1	 11	 0	 283530
0	 8	 0	 172935
0	 0	 0	 37092
0	 0	 0	 8206
8	 7	 1	 224106
2	 2	 0	 133411
1	 13	 0	 227218
0	 2	 0	 27267
0	 4	 1	 174103
1	 3	 0	 226942
0	 2	 0	 32565
1	 2	 0	 36905
2	 7	 1	 193435
2	 2	 0	 55683
3	 9	 0	 237127
0	 1	 0	 29175
2	 3	 0	 133581
7	 3	 0	 202224
0	 1	 0	 24892
1	 2	 0	 45156
4	 9	 0	 212751
4	 7	 0	 154746
2	 10	 0	 280504
0	 0	 0	 116
3	 7	 1	 288993
3	 8	 0	 174578
0	 2	 0	 40151
0	 2	 0	 40289
1	 10	 0	 220068
2	 4	 0	 150571
