A	 C	 G	 T
7	 1	 169506	 8
1	 1	 36404	 2
5	 4	 297754	 11
1	 0	 196131	 4
6	 0	 241144	 4
2	 0	 37521	 2
3	 2	 201672	 12
2	 2	 182901	 12
4	 3	 223210	 8
0	 0	 35786	 3
1	 4	 279576	 10
4	 2	 216311	 3
4	 0	 268411	 4
1	 1	 35885	 7
9	 1	 220981	 3
2	 0	 196825	 4
4	 2	 218078	 9
3	 0	 33248	 2
6	 2	 281501	 8
2	 0	 171601	 10
0	 0	 36908	 0
0	 0	 8153	 0
3	 1	 222328	 6
5	 0	 132390	 7
4	 1	 225654	 7
0	 0	 27063	 2
2	 2	 172850	 6
2	 1	 225154	 13
4	 0	 32355	 6
0	 0	 36685	 10
3	 1	 192073	 4
2	 0	 55363	 3
6	 5	 235422	 8
1	 0	 28915	 2
3	 1	 132678	 4
7	 0	 200707	 5
3	 0	 24738	 1
3	 0	 44849	 4
8	 0	 211179	 6
7	 0	 153772	 4
4	 2	 278496	 10
0	 0	 117	 0
8	 0	 286997	 7
2	 0	 173310	 15
2	 0	 39906	 2
1	 0	 40038	 2
7	 3	 218348	 6
2	 3	 149464	 5
