A	 C	 G	 T
185	 0	 0	 0
592	 0	 0	 0
4203	 0	 0	 0
1335	 0	 0	 0
4881	 0	 0	 0
1213	 0	 0	 0
7493	 0	 0	 0
2550	 0	 0	 0
2239	 0	 0	 0
115	 0	 0	 0
6607	 0	 0	 0
4844	 0	 0	 0
2381	 0	 0	 0
1031	 0	 0	 0
4106	 0	 0	 0
2919	 0	 0	 0
531	 0	 0	 0
795	 0	 0	 0
6391	 0	 0	 0
3620	 0	 0	 0
983	 0	 0	 0
160	 0	 0	 0
4147	 0	 0	 0
4316	 0	 0	 0
4474	 0	 0	 0
439	 0	 0	 0
5136	 0	 0	 0
4360	 0	 0	 0
41	 0	 0	 0
858	 0	 0	 0
121	 0	 0	 0
828	 0	 0	 0
1985	 0	 0	 0
589	 0	 0	 0
476	 0	 0	 0
6849	 0	 0	 0
174	 0	 0	 0
374	 0	 0	 0
1096	 0	 0	 0
3244	 0	 0	 0
322	 0	 0	 0
3	 0	 0	 0
8496	 0	 0	 0
2981	 0	 0	 0
486	 0	 0	 0
1121	 0	 0	 0
3114	 0	 0	 0
278	 0	 0	 0
