A	 C	 G	 T
2	 0	 170187	 9
1	 1	 36621	 7
3	 8	 299457	 42
2	 2	 197183	 17
3	 3	 243411	 19
2	 0	 37741	 4
1	 0	 203114	 13
0	 0	 184064	 14
1	 2	 221229	 15
2	 1	 35989	 7
2	 1	 281171	 23
0	 2	 215451	 19
5	 1	 269865	 48
2	 0	 36095	 8
1	 0	 222164	 15
3	 3	 197942	 14
2	 1	 219465	 18
1	 0	 33435	 6
5	 3	 284404	 28
0	 1	 172674	 10
2	 0	 37096	 6
0	 0	 8242	 1
4	 2	 223685	 27
2	 0	 133112	 9
2	 6	 226875	 19
2	 0	 27234	 6
5	 1	 173877	 15
4	 3	 226491	 27
0	 0	 32631	 8
2	 0	 36861	 6
1	 0	 193326	 11
0	 0	 55599	 6
4	 0	 237038	 20
0	 0	 29132	 5
2	 0	 133331	 11
2	 0	 201958	 24
0	 0	 24661	 8
3	 0	 45352	 6
4	 2	 212449	 15
1	 1	 154176	 17
3	 4	 281131	 30
0	 0	 115	 0
5	 1	 288565	 22
1	 0	 174392	 20
2	 0	 40054	 9
2	 0	 40329	 5
2	 1	 219662	 12
3	 1	 150334	 16
