A	 C	 G	 T
0	 13034	 0	 4
1	 3177	 0	 0
2	 50871	 0	 4
3	 24017	 0	 1
4	 39058	 0	 6
0	 5284	 0	 0
0	 34053	 0	 3
1	 22636	 0	 1
3	 35093	 0	 2
0	 2870	 0	 0
1	 52273	 0	 6
1	 39720	 0	 7
1	 32198	 0	 10
0	 5509	 0	 1
1	 41200	 0	 5
0	 29063	 0	 6
0	 26319	 0	 1
0	 3796	 0	 0
0	 56293	 0	 10
0	 29053	 0	 2
0	 4773	 0	 2
0	 807	 0	 0
1	 28705	 0	 2
0	 19927	 0	 2
0	 30643	 0	 5
0	 2731	 0	 1
1	 34693	 0	 1
1	 37373	 0	 5
1	 2887	 0	 0
0	 4336	 0	 0
2	 19649	 0	 2
0	 7675	 0	 2
1	 24363	 0	 0
0	 3541	 0	 1
0	 10471	 0	 4
3	 41053	 0	 6
3	 2076	 0	 1
3	 5576	 0	 2
0	 26889	 0	 1
1	 24926	 0	 2
4	 23824	 0	 11
0	 12	 0	 0
2	 59980	 0	 7
1	 32573	 0	 6
0	 4716	 0	 0
0	 4517	 0	 0
0	 36069	 0	 4
0	 24472	 0	 0
