A	 C	 G	 T
2	 16	 0	 173267
1	 9	 2	 37241
7	 24	 4	 304540
2	 19	 4	 200965
6	 20	 2	 246897
1	 0	 0	 38373
4	 19	 4	 208480
6	 14	 4	 187097
0	 17	 1	 229484
0	 5	 0	 36633
4	 27	 3	 286150
1	 25	 3	 220466
4	 22	 3	 274558
2	 5	 1	 36836
2	 18	 6	 225813
3	 12	 3	 201403
1	 32	 4	 223448
0	 9	 0	 34113
1	 34	 3	 288572
3	 14	 0	 175577
0	 9	 0	 37674
0	 2	 0	 8343
2	 17	 2	 227469
1	 14	 0	 135281
4	 25	 2	 230858
1	 6	 1	 27727
6	 22	 1	 176668
2	 18	 4	 230498
0	 4	 0	 33117
2	 3	 0	 37654
1	 23	 0	 196875
1	 5	 0	 56490
3	 20	 1	 241296
1	 4	 0	 29681
2	 18	 1	 135339
1	 20	 1	 205471
0	 1	 1	 25278
2	 6	 3	 46120
2	 26	 4	 216113
2	 15	 3	 156778
3	 25	 1	 285369
0	 0	 0	 116
3	 26	 3	 293486
2	 8	 4	 177484
1	 3	 1	 41296
1	 7	 0	 41002
1	 18	 4	 223366
5	 17	 2	 152801
