A	 C	 G	 T
4	 175975	 0	 6
9	 31505	 0	 3
13	 308495	 0	 5
7	 205574	 0	 5
9	 250226	 2	 5
5	 33148	 0	 0
10	 214122	 0	 3
6	 189877	 0	 7
5	 235310	 0	 4
4	 30688	 0	 2
18	 290807	 8	 3
9	 224278	 1	 7
13	 279113	 3	 4
15	 32137	 0	 2
13	 229258	 1	 1
8	 203764	 3	 3
9	 226904	 1	 8
4	 30025	 0	 2
13	 294845	 2	 1
6	 178213	 1	 3
8	 32947	 1	 1
2	 7147	 0	 0
10	 230802	 1	 6
2	 137038	 0	 1
4	 236889	 1	 2
4	 23954	 0	 0
7	 178894	 2	 6
4	 233839	 1	 3
6	 28661	 1	 1
5	 32348	 0	 0
6	 200244	 2	 6
2	 57222	 0	 0
2	 245314	 1	 7
3	 24899	 0	 0
3	 137410	 0	 2
11	 208262	 1	 5
3	 21273	 0	 1
6	 40570	 0	 0
7	 218834	 1	 1
4	 159261	 3	 4
11	 288731	 4	 5
0	 118	 0	 0
6	 292824	 0	 4
10	 179997	 0	 5
8	 36403	 0	 1
10	 36187	 0	 3
6	 226301	 3	 2
4	 155083	 1	 5
