A	 C	 G	 T
4	 7	 171643	 13
3	 2	 36797	 11
10	 6	 301926	 23
4	 6	 199605	 9
8	 5	 244535	 11
3	 0	 37953	 13
6	 7	 207660	 13
9	 3	 185394	 18
10	 10	 229258	 18
1	 0	 36185	 18
7	 6	 283384	 26
10	 3	 219345	 14
11	 7	 271804	 16
5	 2	 36374	 21
6	 6	 223770	 17
7	 4	 199282	 9
8	 8	 221033	 19
3	 3	 33749	 3
14	 8	 285443	 31
4	 1	 174082	 16
0	 2	 37359	 12
1	 0	 8253	 0
3	 6	 225460	 17
6	 3	 134078	 9
13	 5	 228391	 13
0	 3	 27400	 5
6	 1	 175025	 20
9	 5	 228048	 17
1	 1	 32752	 8
0	 1	 37265	 13
10	 5	 194900	 9
2	 4	 55998	 3
11	 8	 238558	 19
1	 1	 29342	 10
5	 2	 134075	 13
9	 5	 203417	 17
0	 0	 25081	 4
2	 1	 45513	 25
6	 6	 214194	 15
1	 4	 155518	 10
9	 4	 282204	 20
0	 0	 116	 0
10	 7	 290676	 22
6	 4	 175612	 16
1	 1	 41060	 17
1	 3	 40527	 11
8	 4	 221155	 17
8	 6	 151370	 12
