A	 C	 G	 T
42	 3	 131534	 70
6	 0	 24850	 12
59	 6	 236408	 132
41	 8	 154880	 102
48	 11	 194141	 128
3	 2	 26418	 17
49	 6	 167300	 107
38	 0	 141224	 81
38	 9	 180955	 99
4	 2	 22654	 14
92	 8	 219067	 151
50	 3	 169157	 112
37	 7	 207704	 118
4	 1	 24903	 10
43	 3	 171616	 86
34	 2	 149759	 82
32	 4	 165870	 109
2	 1	 23623	 17
82	 11	 221169	 143
23	 2	 135281	 99
5	 1	 26322	 15
1	 0	 5647	 1
51	 9	 183894	 103
29	 7	 108383	 65
49	 4	 190502	 99
1	 2	 19206	 8
34	 3	 137381	 105
43	 6	 175047	 113
3	 0	 20307	 13
4	 2	 25168	 11
32	 4	 141550	 88
80	 7	 42841	 27
30	 7	 199186	 129
4	 1	 19079	 12
33	 7	 102334	 75
41	 6	 157433	 103
3	 0	 16525	 14
8	 3	 29707	 17
39	 3	 158426	 88
24	 4	 126909	 69
71	 3	 202006	 133
0	 0	 98	 1
54	 9	 221275	 137
32	 7	 135920	 96
6	 2	 28712	 14
6	 0	 28795	 20
46	 6	 169947	 109
32	 6	 117620	 69
