A	 C	 G	 T
113803	 0	 3	 1
22772	 0	 2	 0
202890	 0	 3	 0
139863	 0	 3	 2
174909	 0	 3	 2
23609	 0	 2	 0
155155	 0	 5	 1
129601	 0	 3	 2
162874	 0	 8	 3
19872	 0	 0	 0
202367	 0	 6	 1
156434	 0	 3	 0
189612	 0	 4	 0
22666	 0	 0	 1
159193	 0	 4	 0
142721	 0	 5	 2
147573	 0	 5	 4
21359	 0	 2	 1
200468	 0	 3	 3
124446	 0	 3	 0
23572	 0	 3	 0
4915	 0	 0	 0
161825	 0	 4	 1
99032	 0	 3	 1
170657	 0	 3	 2
16943	 0	 1	 0
126464	 0	 5	 2
159227	 0	 5	 1
17621	 0	 0	 0
22120	 0	 0	 0
125492	 0	 3	 1
39052	 0	 0	 1
151616	 0	 4	 1
17249	 0	 1	 0
89090	 0	 1	 0
128717	 0	 5	 2
14305	 0	 1	 0
26520	 0	 0	 0
144654	 1	 5	 2
114367	 0	 3	 3
177698	 0	 3	 3
80	 0	 0	 0
202185	 0	 6	 2
115751	 0	 6	 0
24891	 0	 0	 0
25187	 0	 0	 0
156231	 0	 2	 0
87555	 0	 1	 0
