A	 C	 G	 T
3	 8	 2	 175885
0	 6	 0	 31485
10	 13	 0	 308346
6	 7	 2	 205460
9	 12	 0	 250107
0	 2	 0	 33132
7	 6	 1	 213989
5	 11	 1	 189806
4	 6	 1	 235195
1	 2	 0	 30684
5	 14	 0	 290696
2	 16	 1	 224195
7	 5	 1	 278966
0	 1	 0	 32152
8	 8	 0	 229166
8	 16	 0	 203638
10	 7	 0	 226805
2	 4	 0	 30009
4	 11	 2	 294728
6	 7	 0	 178107
5	 2	 0	 32936
0	 0	 0	 7143
6	 12	 4	 230722
6	 8	 0	 136983
10	 8	 0	 236781
2	 0	 0	 23943
6	 11	 2	 178788
5	 8	 0	 233760
3	 2	 0	 28640
2	 2	 0	 32334
3	 7	 1	 200164
1	 2	 0	 57170
9	 12	 0	 245174
1	 1	 0	 24896
8	 11	 0	 137335
9	 5	 0	 208178
0	 1	 1	 21265
0	 2	 0	 40552
3	 10	 0	 218772
2	 7	 1	 159200
10	 8	 1	 288615
0	 0	 0	 118
8	 10	 0	 292675
8	 9	 0	 179896
1	 1	 0	 36390
1	 2	 0	 36178
9	 7	 0	 226181
9	 6	 0	 154973
