A	 C	 G	 T
0	 178053	 3	 11
0	 31581	 2	 3
0	 310585	 4	 19
1	 207412	 0	 16
1	 252939	 3	 10
0	 33164	 0	 0
2	 218211	 7	 16
0	 191709	 3	 11
0	 236336	 2	 15
0	 30648	 0	 3
1	 293936	 5	 25
1	 226751	 0	 20
0	 281547	 5	 21
0	 32113	 0	 3
0	 231289	 1	 7
0	 205687	 2	 16
1	 228697	 0	 16
0	 30005	 0	 1
2	 299050	 3	 17
0	 179637	 0	 14
0	 33023	 1	 4
0	 7194	 0	 0
2	 233872	 5	 23
1	 138967	 4	 11
1	 239377	 0	 23
0	 23991	 0	 1
0	 181535	 3	 10
0	 236164	 3	 17
0	 28727	 0	 1
0	 32391	 1	 2
0	 201875	 4	 15
0	 60307	 2	 4
0	 247425	 3	 13
0	 24933	 0	 0
0	 139599	 2	 13
1	 210245	 1	 17
0	 21349	 1	 1
0	 40493	 0	 0
2	 219699	 2	 7
1	 160559	 1	 8
2	 288545	 2	 13
0	 125	 0	 0
0	 293937	 5	 20
0	 180982	 4	 12
0	 36366	 2	 2
0	 36146	 0	 5
0	 227680	 1	 12
1	 156703	 2	 13
