A	 C	 G	 T
3	 2	 16979	 13
2	 1	 2829	 2
8	 7	 49652	 12
5	 2	 17249	 5
3	 4	 24573	 12
1	 1	 2857	 2
0	 5	 18235	 15
8	 2	 22203	 10
6	 3	 20921	 11
0	 0	 2419	 2
6	 2	 28374	 23
2	 2	 21761	 9
5	 2	 24468	 8
0	 0	 2692	 3
2	 1	 21853	 8
2	 3	 17937	 7
5	 0	 20615	 13
1	 1	 2598	 1
4	 0	 27569	 12
4	 2	 18245	 4
0	 0	 3082	 2
1	 0	 555	 0
7	 4	 35247	 14
0	 1	 13728	 14
0	 1	 25585	 11
1	 0	 2743	 3
1	 1	 16727	 8
1	 1	 23173	 16
0	 0	 2061	 0
1	 1	 2730	 1
4	 5	 15660	 11
2	 0	 4366	 5
5	 3	 17891	 13
0	 0	 2557	 1
0	 1	 9805	 15
3	 0	 19403	 11
0	 0	 1661	 0
0	 0	 3272	 1
5	 0	 18547	 11
6	 1	 14918	 7
4	 1	 21033	 20
0	 0	 7	 0
4	 1	 28587	 12
4	 2	 20612	 10
1	 2	 2841	 1
2	 1	 3083	 4
1	 1	 20983	 15
2	 6	 13588	 9
