A	 C	 G	 T
1	 12	 1	 170583
0	 5	 0	 36541
6	 14	 1	 299806
3	 10	 0	 198675
5	 12	 0	 243012
0	 7	 1	 37696
3	 7	 0	 206041
1	 2	 0	 184442
2	 4	 1	 227571
1	 2	 0	 35916
7	 14	 2	 281936
9	 12	 1	 217966
1	 18	 0	 270335
0	 8	 0	 36044
1	 9	 3	 222439
3	 10	 1	 198075
4	 12	 0	 219823
0	 3	 0	 33535
6	 12	 1	 283520
3	 5	 1	 173083
0	 8	 0	 37035
0	 0	 0	 8181
5	 9	 1	 223830
3	 5	 2	 133158
4	 6	 1	 227005
1	 12	 0	 27216
2	 6	 1	 174060
1	 11	 0	 226566
0	 3	 0	 32513
1	 5	 0	 36965
6	 11	 0	 193711
0	 2	 0	 55627
3	 11	 2	 237403
2	 4	 1	 29099
2	 6	 0	 133270
3	 9	 0	 202215
0	 6	 0	 24890
2	 5	 0	 45142
2	 6	 0	 212898
1	 7	 0	 154601
2	 9	 2	 280512
0	 0	 0	 114
0	 15	 1	 288708
5	 8	 3	 174666
0	 5	 0	 40694
1	 4	 0	 40259
7	 8	 0	 219965
2	 6	 1	 150488
