A	 C	 G	 T
21	 3	 22593	 9
1	 0	 3854	 3
23	 5	 60341	 8
9	 5	 23098	 6
30	 9	 33102	 4
1	 1	 3851	 0
25	 6	 24858	 8
10	 4	 28617	 4
27	 8	 28264	 1
4	 2	 3237	 2
22	 7	 38041	 4
19	 8	 28827	 14
18	 12	 32951	 6
0	 1	 3688	 0
23	 8	 29256	 6
17	 4	 24243	 10
18	 6	 27448	 8
1	 1	 3509	 0
34	 7	 36970	 5
16	 2	 24008	 7
0	 1	 4068	 0
4	 0	 758	 0
20	 6	 42847	 7
7	 3	 17796	 6
22	 7	 33837	 11
2	 1	 3557	 0
13	 5	 22095	 8
25	 5	 30580	 10
4	 1	 2765	 1
6	 0	 3676	 0
19	 6	 21124	 5
4	 2	 6001	 7
13	 3	 24696	 7
2	 0	 3388	 1
19	 3	 13360	 3
19	 7	 26112	 6
1	 2	 2248	 2
4	 0	 4372	 0
21	 5	 24669	 6
10	 4	 19854	 2
26	 4	 27952	 8
0	 0	 13	 0
32	 5	 38018	 12
9	 6	 26495	 3
6	 2	 3932	 1
2	 0	 4256	 0
19	 5	 28051	 11
14	 4	 18122	 8
