A	 C	 G	 T
6	 23	 4	 170931
1	 5	 1	 30531
5	 33	 4	 300226
4	 14	 1	 199921
7	 21	 4	 243761
2	 2	 0	 32147
6	 17	 3	 208404
6	 13	 4	 184818
3	 21	 9	 228515
2	 4	 0	 29779
8	 33	 4	 282822
5	 23	 8	 218759
12	 28	 3	 271650
3	 3	 3	 31086
5	 23	 2	 223354
5	 25	 7	 197950
8	 17	 0	 220396
1	 0	 4	 29111
11	 35	 5	 286474
7	 18	 3	 173357
2	 2	 0	 32002
0	 0	 0	 6937
6	 19	 1	 224627
1	 7	 3	 133418
3	 18	 5	 230343
0	 1	 0	 23228
9	 13	 2	 174151
10	 23	 2	 227248
0	 5	 0	 27728
1	 7	 1	 31308
7	 14	 3	 194352
1	 11	 1	 55694
8	 22	 1	 237832
1	 4	 0	 24125
2	 19	 2	 133695
4	 9	 1	 202617
0	 3	 0	 20611
1	 7	 2	 39245
7	 29	 2	 212807
7	 14	 3	 155204
7	 34	 2	 280050
0	 0	 0	 117
8	 29	 4	 284315
9	 17	 4	 175046
0	 6	 0	 35291
0	 5	 1	 35039
7	 21	 4	 220114
4	 7	 4	 150818
