A	 C	 G	 T
15	 7	 174849	 93
4	 1	 37522	 15
25	 4	 306836	 179
15	 3	 203162	 98
14	 8	 248366	 127
4	 0	 38656	 18
14	 3	 209586	 107
9	 8	 188716	 117
22	 4	 231230	 137
4	 1	 36893	 16
28	 15	 288805	 163
11	 4	 222203	 106
24	 4	 276598	 117
3	 1	 37149	 26
18	 5	 227536	 114
9	 6	 203163	 113
22	 7	 225207	 132
6	 3	 34345	 20
20	 8	 290424	 162
15	 4	 177092	 87
2	 0	 37994	 18
0	 0	 8420	 1
12	 5	 229280	 100
7	 4	 136344	 70
18	 10	 232727	 109
3	 2	 27992	 11
10	 8	 178022	 111
17	 6	 232425	 106
8	 1	 33280	 19
5	 2	 37999	 25
18	 7	 198594	 119
4	 5	 57060	 40
20	 12	 243302	 111
2	 0	 29955	 16
9	 1	 136329	 67
15	 4	 207281	 114
5	 1	 25527	 18
6	 1	 46460	 24
17	 7	 217861	 125
11	 5	 158211	 79
19	 3	 287186	 203
0	 0	 116	 1
20	 4	 295922	 162
15	 3	 179012	 101
1	 4	 41492	 22
2	 1	 41436	 23
17	 7	 225277	 125
10	 4	 154317	 77
