A	 C	 G	 T
14	 4	 0	 175983
3	 4	 1	 31490
21	 18	 1	 308453
10	 5	 0	 205618
21	 10	 1	 250198
4	 4	 0	 33157
16	 10	 0	 214097
8	 12	 1	 189915
17	 7	 1	 235362
3	 3	 0	 30689
27	 5	 1	 290836
8	 7	 0	 224237
19	 11	 1	 279102
1	 5	 0	 32153
19	 11	 3	 229280
19	 8	 2	 203766
14	 10	 0	 226941
1	 3	 0	 30020
20	 18	 1	 294823
5	 7	 0	 178219
3	 3	 0	 32955
2	 0	 0	 7139
16	 9	 0	 230829
10	 4	 2	 137036
17	 6	 1	 236896
3	 1	 0	 23946
10	 14	 0	 178842
21	 13	 0	 233916
1	 2	 0	 28635
2	 1	 0	 32354
12	 7	 2	 200272
7	 4	 0	 57220
17	 11	 0	 245310
1	 4	 0	 24916
7	 3	 0	 137375
18	 6	 0	 208281
3	 1	 0	 21263
5	 1	 0	 40568
10	 7	 0	 218858
7	 9	 0	 159273
24	 8	 2	 288744
0	 0	 0	 118
19	 5	 1	 292780
12	 7	 0	 180019
3	 4	 0	 36387
2	 1	 0	 36227
14	 9	 2	 226304
6	 6	 2	 155065
