A	 C	 G	 T
0	 23	 0	 169959
1	 2	 0	 36301
4	 18	 0	 298511
3	 9	 1	 196724
4	 16	 0	 241568
1	 1	 0	 37473
2	 12	 0	 201817
1	 18	 0	 183413
2	 18	 0	 222954
0	 0	 0	 35731
8	 19	 1	 280566
5	 19	 0	 216513
7	 13	 1	 269140
2	 1	 0	 35884
6	 10	 0	 221609
7	 22	 0	 197631
5	 12	 1	 218703
2	 2	 0	 33169
3	 18	 0	 282057
2	 13	 0	 172109
0	 5	 0	 36874
1	 1	 0	 8141
2	 7	 0	 223064
1	 7	 0	 132821
4	 18	 1	 226203
1	 3	 0	 27087
4	 14	 1	 173278
7	 19	 0	 226159
2	 2	 0	 32283
3	 3	 0	 36701
4	 14	 0	 192795
1	 5	 0	 55406
6	 12	 0	 236295
1	 1	 0	 28928
3	 4	 0	 132793
5	 12	 0	 201462
1	 2	 0	 24717
1	 5	 0	 44811
3	 17	 0	 211987
4	 10	 0	 154130
4	 15	 0	 279353
0	 0	 0	 115
9	 23	 1	 287798
1	 7	 0	 174051
0	 6	 0	 39579
1	 5	 0	 40056
10	 18	 0	 219099
5	 15	 0	 150070
