A	 C	 G	 T
17	 9	 13080	 1
4	 4	 3180	 6
24	 16	 50982	 13
11	 7	 24089	 5
18	 7	 39207	 10
3	 4	 5288	 1
20	 14	 34136	 8
10	 10	 22709	 2
22	 9	 35196	 9
2	 4	 2875	 0
20	 19	 52435	 20
19	 14	 39868	 9
15	 12	 32290	 16
2	 2	 5531	 0
20	 16	 41344	 7
11	 11	 29147	 5
15	 6	 26403	 13
4	 4	 3812	 0
21	 14	 56467	 25
12	 8	 29147	 3
3	 3	 4789	 1
0	 1	 808	 0
14	 12	 28791	 12
11	 9	 19968	 5
14	 7	 30724	 23
3	 4	 2732	 1
13	 10	 34797	 6
21	 10	 37497	 9
1	 2	 2892	 1
3	 2	 4352	 0
15	 5	 19734	 3
2	 4	 7695	 6
13	 7	 24458	 4
2	 3	 3558	 0
10	 8	 10492	 0
11	 8	 41172	 6
2	 2	 2082	 1
5	 4	 5593	 1
15	 9	 26971	 11
10	 13	 24992	 2
23	 13	 23895	 8
0	 0	 12	 0
11	 12	 60199	 7
11	 6	 32659	 2
1	 2	 4730	 3
1	 3	 4528	 0
13	 11	 36180	 16
11	 7	 24549	 4
