A	 C	 G	 T
9	 153543	 0	 3
2	 27674	 2	 0
12	 276918	 1	 5
16	 182395	 0	 5
22	 225656	 1	 7
2	 29526	 0	 2
8	 192045	 2	 4
11	 168925	 0	 4
9	 210788	 0	 11
0	 26887	 0	 1
17	 262742	 1	 6
17	 203589	 1	 4
17	 248467	 1	 8
2	 28715	 0	 0
15	 207570	 0	 4
6	 181956	 1	 8
19	 202023	 3	 5
5	 26565	 1	 1
24	 266731	 2	 20
8	 160293	 1	 6
6	 29368	 0	 2
0	 6300	 0	 0
13	 204958	 1	 4
6	 122639	 1	 4
13	 211362	 0	 6
2	 21144	 0	 0
15	 161279	 0	 7
22	 209735	 1	 10
2	 25283	 0	 1
2	 28623	 0	 3
15	 176567	 1	 7
1	 51219	 0	 2
10	 215577	 0	 5
2	 22120	 0	 1
7	 120159	 0	 3
8	 188511	 0	 5
3	 18620	 0	 1
3	 35858	 0	 2
10	 195020	 1	 1
5	 143309	 1	 6
14	 252565	 0	 8
0	 103	 0	 0
23	 265112	 1	 6
10	 161150	 1	 3
1	 32184	 0	 1
4	 31810	 0	 1
17	 203551	 2	 11
8	 138254	 0	 1
