A	 C	 G	 T
9	 2	 169139	 48
5	 0	 36254	 11
22	 1	 297541	 31
13	 2	 196909	 33
28	 2	 241210	 25
2	 0	 37416	 12
12	 2	 204340	 24
6	 4	 182890	 28
12	 1	 225569	 28
1	 0	 35648	 12
19	 3	 279688	 18
16	 3	 216432	 21
24	 6	 268172	 40
4	 0	 35731	 15
10	 1	 220748	 21
15	 1	 196363	 32
13	 1	 218107	 19
5	 0	 33258	 13
23	 5	 281351	 23
12	 1	 171720	 15
5	 1	 36731	 10
0	 0	 8122	 3
16	 2	 222087	 36
9	 0	 132067	 17
14	 0	 225148	 29
4	 0	 27045	 6
11	 2	 172737	 18
15	 0	 224689	 25
3	 1	 32319	 8
3	 0	 36478	 26
12	 3	 192093	 24
6	 2	 55260	 9
10	 0	 235324	 33
4	 0	 28899	 6
9	 0	 132307	 21
13	 3	 200564	 17
1	 0	 24691	 11
4	 0	 44725	 17
9	 1	 211117	 17
11	 0	 153441	 17
17	 1	 278286	 30
0	 0	 113	 0
15	 3	 286299	 33
6	 1	 173247	 13
6	 0	 40362	 14
8	 2	 39939	 38
11	 1	 218280	 16
15	 1	 149255	 12
