A	 C	 G	 T
205	 9	 125383	 5
10	 0	 21907	 0
41	 12	 234521	 14
31	 11	 146234	 8
29	 8	 178314	 13
4	 3	 23485	 1
30	 7	 150670	 19
27	 6	 137678	 7
501	 17	 165208	 4
3	 0	 21716	 2
29	 10	 207413	 17
26	 5	 161597	 29
38	 10	 197434	 12
3	 3	 22294	 1
32	 9	 163530	 20
31	 11	 143264	 11
28	 9	 161683	 12
2	 1	 20880	 0
426	 13	 209936	 16
79	 4	 128811	 8
8	 2	 23747	 2
0	 2	 4960	 0
30	 10	 172901	 15
14	 5	 98716	 8
28	 5	 170532	 19
2	 1	 16905	 0
32	 5	 128470	 11
32	 7	 168735	 12
66	 0	 20249	 2
5	 4	 22295	 0
23	 10	 140677	 7
12	 1	 40219	 8
501	 5	 168259	 16
7	 1	 17675	 1
22	 6	 94933	 7
25	 9	 148031	 14
2	 1	 14571	 1
10	 4	 28462	 0
21	 12	 155370	 10
20	 6	 114606	 6
39	 13	 204803	 10
0	 0	 76	 0
539	 10	 208579	 27
51	 6	 131867	 11
4	 0	 24945	 1
5	 2	 24724	 2
22	 8	 160629	 6
14	 8	 109915	 8
