A	 C	 G	 T
8	 2	 171004	 14
3	 0	 36715	 10
5	 6	 300223	 23
5	 2	 198159	 17
10	 2	 243109	 14
4	 1	 37877	 7
12	 3	 203506	 15
5	 1	 184414	 11
11	 5	 222486	 20
1	 1	 36075	 6
9	 5	 282024	 21
7	 3	 216462	 16
11	 6	 270580	 29
1	 1	 36214	 3
9	 4	 222837	 23
7	 2	 198390	 18
10	 3	 220077	 18
1	 0	 33522	 6
10	 2	 283958	 36
7	 2	 173195	 12
2	 1	 37231	 5
0	 0	 8212	 3
7	 2	 224184	 21
2	 3	 133440	 15
15	 5	 227568	 10
2	 1	 27316	 6
4	 3	 174297	 11
8	 3	 227165	 17
1	 0	 32587	 5
0	 0	 37018	 13
5	 3	 193774	 17
7	 0	 55803	 1
7	 5	 237660	 11
3	 0	 29207	 3
7	 1	 133552	 6
7	 1	 202451	 10
2	 0	 24827	 1
2	 0	 45294	 6
13	 3	 212954	 20
6	 3	 154950	 12
10	 4	 280818	 23
0	 0	 117	 0
11	 3	 289372	 21
9	 5	 174893	 9
4	 0	 40324	 4
3	 1	 40441	 8
5	 0	 220196	 11
5	 3	 150717	 14
