A	 C	 G	 T
168702	 6	 5	 0
36013	 3	 0	 0
296843	 20	 11	 1
194031	 7	 1	 3
239852	 9	 8	 2
37136	 0	 2	 0
198166	 9	 3	 2
182136	 9	 2	 1
220591	 10	 9	 0
35404	 3	 1	 0
278445	 7	 8	 0
214830	 7	 4	 0
267478	 4	 5	 4
35557	 0	 1	 0
220281	 9	 4	 0
196470	 9	 5	 0
217091	 6	 3	 2
32834	 0	 0	 0
280308	 12	 10	 1
170970	 3	 3	 0
36502	 1	 0	 0
8069	 2	 0	 0
221594	 11	 3	 2
132006	 5	 2	 0
224859	 9	 4	 3
26797	 1	 1	 0
172316	 7	 0	 0
224802	 7	 8	 1
32024	 1	 0	 0
36305	 1	 1	 0
191255	 7	 3	 0
55080	 0	 2	 0
234185	 7	 9	 1
28674	 2	 2	 1
132011	 7	 6	 2
199931	 14	 5	 1
24532	 2	 0	 1
44509	 3	 1	 0
210536	 8	 1	 1
153062	 6	 3	 0
277540	 14	 10	 3
115	 0	 1	 0
285841	 12	 10	 1
172814	 4	 4	 1
38983	 1	 1	 0
39713	 1	 1	 0
217772	 8	 6	 0
149118	 2	 5	 1
