A	 C	 G	 T
36783	 0	 1	 1
6323	 0	 2	 0
85791	 1	 2	 2
49758	 0	 2	 1
55210	 1	 4	 1
6153	 0	 1	 1
47550	 0	 2	 2
41898	 0	 3	 1
52335	 0	 2	 1
8691	 0	 0	 0
66450	 2	 4	 2
57252	 0	 1	 0
64736	 0	 2	 4
7187	 0	 2	 0
53007	 0	 3	 2
47455	 1	 1	 2
50415	 0	 5	 1
6594	 0	 5	 0
69572	 3	 2	 3
41016	 0	 3	 2
7986	 0	 0	 0
1693	 0	 0	 0
73581	 0	 3	 1
35974	 2	 3	 1
52566	 0	 2	 3
4908	 0	 2	 0
43287	 0	 1	 0
62976	 0	 3	 0
7951	 0	 1	 0
8009	 0	 1	 0
48002	 0	 1	 2
13299	 0	 0	 1
58718	 1	 1	 2
5368	 0	 0	 1
32566	 0	 2	 0
49991	 0	 2	 0
5244	 0	 0	 0
11056	 1	 0	 0
60698	 0	 3	 3
39234	 2	 1	 1
92847	 0	 5	 1
25	 0	 0	 0
67365	 2	 3	 1
42131	 0	 4	 2
8031	 0	 1	 1
8650	 0	 1	 0
53291	 0	 1	 0
35793	 0	 2	 1
