A	 C	 G	 T
8	 170693	 1	 24
3	 36589	 1	 4
6	 299915	 3	 26
7	 198393	 2	 11
5	 242699	 6	 21
0	 37754	 1	 4
3	 204140	 3	 8
4	 184309	 2	 18
10	 225188	 2	 23
0	 35939	 0	 4
12	 281939	 8	 34
7	 217731	 1	 23
10	 270317	 7	 36
0	 36050	 1	 1
8	 222593	 9	 15
11	 198401	 2	 16
19	 219815	 6	 12
1	 33418	 0	 3
10	 283569	 4	 14
9	 172990	 0	 13
2	 37081	 0	 2
1	 8207	 0	 1
7	 224109	 5	 18
4	 133357	 1	 12
7	 227396	 5	 17
0	 27255	 0	 3
4	 173993	 3	 10
13	 227038	 2	 14
0	 32481	 1	 3
2	 36989	 1	 6
9	 193823	 1	 27
5	 55605	 1	 5
6	 237639	 2	 27
1	 29121	 1	 2
5	 133361	 4	 9
7	 202327	 3	 16
1	 24903	 0	 5
1	 45151	 0	 1
5	 212890	 1	 18
8	 154766	 3	 13
10	 280585	 3	 28
0	 114	 0	 0
5	 289167	 4	 24
10	 174809	 4	 17
1	 40226	 1	 1
1	 40280	 0	 5
10	 220027	 4	 16
9	 150571	 1	 18
