A	 C	 G	 T
173547	 0	 8	 1
30964	 0	 0	 0
304431	 2	 8	 3
202857	 0	 5	 1
247153	 4	 3	 5
32618	 0	 3	 0
211212	 2	 4	 5
187498	 0	 1	 4
231770	 0	 3	 1
30203	 0	 0	 0
286921	 5	 5	 2
221541	 1	 6	 3
275523	 1	 4	 2
31611	 0	 1	 1
226393	 3	 5	 7
200832	 5	 0	 0
223758	 1	 3	 5
29543	 1	 1	 1
290515	 12	 6	 1
175812	 1	 2	 1
32485	 1	 1	 1
7040	 0	 1	 0
227786	 1	 5	 2
135269	 1	 3	 0
233656	 3	 6	 1
23574	 2	 2	 0
176569	 5	 5	 3
230606	 2	 3	 1
28129	 0	 0	 1
31791	 0	 0	 1
197384	 1	 2	 3
56459	 1	 1	 0
241318	 5	 3	 2
24527	 0	 0	 1
135511	 1	 1	 1
205476	 5	 3	 2
20924	 0	 0	 0
39894	 0	 3	 0
215914	 3	 6	 1
157232	 0	 5	 1
284470	 4	 1	 2
117	 0	 0	 0
288374	 2	 6	 1
177593	 5	 4	 0
35807	 0	 0	 1
35607	 0	 0	 2
223233	 2	 8	 1
152960	 1	 2	 0
