A	 C	 G	 T
6	 3	 0	 173435
1	 3	 0	 30951
12	 15	 0	 304220
7	 4	 0	 202757
10	 13	 0	 246878
1	 0	 0	 32584
9	 7	 0	 211030
4	 2	 0	 187367
5	 9	 0	 231554
1	 1	 0	 30188
2	 11	 0	 286661
5	 8	 0	 221365
6	 11	 1	 275364
3	 4	 0	 31577
9	 8	 0	 226188
7	 7	 0	 200670
6	 9	 0	 223631
0	 0	 0	 29510
8	 8	 0	 290240
5	 7	 0	 175627
1	 0	 1	 32464
1	 0	 0	 7033
2	 5	 1	 227630
3	 7	 0	 135134
7	 9	 0	 233423
0	 2	 0	 23554
8	 9	 0	 176320
6	 14	 0	 230353
2	 3	 0	 28123
1	 2	 0	 31764
4	 6	 0	 197309
2	 2	 0	 56417
7	 7	 0	 241222
1	 0	 0	 24509
1	 3	 0	 135450
3	 9	 0	 205226
1	 0	 0	 20917
1	 2	 0	 39858
7	 7	 1	 215779
4	 5	 0	 157074
6	 11	 0	 284433
0	 0	 0	 117
5	 8	 0	 288065
6	 7	 1	 177382
1	 1	 0	 35783
1	 2	 0	 35569
2	 8	 0	 223021
2	 4	 0	 152750
