A	 C	 G	 T
173450	 1	 7	 10
31011	 0	 2	 2
304526	 0	 12	 9
202657	 1	 12	 6
246863	 1	 11	 14
32600	 0	 2	 4
210931	 2	 4	 9
187372	 3	 9	 9
231589	 4	 10	 9
30226	 0	 0	 1
286521	 1	 18	 13
221248	 0	 11	 9
275210	 3	 13	 7
31599	 0	 2	 0
226079	 1	 14	 4
200621	 1	 11	 3
223665	 1	 7	 10
29534	 1	 3	 0
290086	 1	 22	 16
175557	 0	 8	 11
32472	 0	 0	 1
7030	 0	 0	 0
227786	 1	 11	 12
135104	 0	 7	 5
233443	 0	 12	 7
23578	 1	 0	 2
176253	 4	 15	 12
230340	 2	 14	 6
28122	 0	 0	 0
31742	 0	 2	 0
197326	 2	 13	 7
56411	 0	 2	 2
241009	 3	 14	 3
24500	 0	 2	 1
135378	 0	 4	 2
205203	 0	 6	 8
20901	 0	 0	 0
39882	 0	 2	 3
215818	 2	 12	 7
157114	 0	 11	 11
284352	 1	 13	 9
118	 0	 0	 0
287920	 1	 14	 8
177360	 1	 5	 5
35804	 0	 4	 2
35587	 0	 2	 0
223064	 2	 8	 7
152465	 1	 4	 7
