A	 C	 G	 T
7	 175955	 0	 4
3	 31506	 0	 4
23	 308404	 0	 4
11	 205485	 0	 4
19	 250186	 0	 13
2	 33107	 0	 2
7	 214063	 1	 3
9	 189858	 1	 7
13	 235208	 0	 4
2	 30671	 0	 2
19	 290735	 0	 12
12	 224289	 1	 4
14	 279114	 5	 8
2	 32138	 1	 1
14	 229207	 1	 5
13	 203673	 1	 7
10	 226713	 0	 16
1	 30004	 0	 1
14	 294681	 1	 7
11	 178140	 0	 2
2	 32951	 1	 1
0	 7150	 0	 1
21	 230685	 0	 9
5	 136895	 0	 6
14	 236749	 0	 10
2	 23934	 0	 2
10	 178836	 1	 7
19	 233580	 0	 10
0	 28620	 0	 1
3	 32326	 0	 1
9	 200152	 0	 5
3	 57195	 0	 0
11	 244890	 0	 4
1	 24891	 0	 2
5	 137381	 0	 0
10	 208117	 0	 7
0	 21291	 1	 1
1	 40519	 0	 2
9	 218782	 0	 6
10	 159300	 0	 9
20	 288448	 0	 8
0	 117	 0	 0
11	 292714	 0	 9
13	 179953	 0	 6
2	 36367	 0	 3
1	 36182	 0	 1
17	 226184	 0	 8
6	 155002	 0	 4
