A	 C	 G	 T
6	 15	 0	 169669
3	 3	 0	 30251
18	 29	 0	 298222
2	 20	 0	 198416
6	 31	 0	 241935
1	 4	 0	 31875
6	 16	 0	 206693
5	 16	 0	 183435
8	 26	 0	 226830
4	 3	 0	 29530
11	 24	 0	 280665
8	 24	 0	 217091
11	 24	 0	 269613
1	 5	 0	 30771
3	 12	 0	 221599
5	 16	 0	 196382
6	 15	 0	 218814
2	 4	 0	 28878
12	 18	 0	 284346
6	 16	 0	 172035
1	 0	 0	 31731
0	 1	 0	 6878
8	 14	 0	 222622
5	 10	 0	 132471
6	 22	 0	 228522
0	 6	 0	 22979
1	 14	 0	 172749
9	 20	 0	 225538
1	 1	 0	 27515
2	 3	 0	 31031
8	 18	 0	 192915
1	 8	 0	 55248
7	 24	 0	 235971
0	 0	 0	 23940
7	 20	 0	 132582
10	 18	 0	 201081
0	 5	 0	 20405
0	 4	 0	 38927
9	 17	 0	 211067
7	 17	 0	 153977
8	 37	 0	 278148
0	 0	 0	 116
8	 29	 0	 282321
5	 12	 0	 173378
0	 2	 0	 34979
0	 5	 0	 34701
3	 22	 0	 218259
7	 5	 0	 149696
