A	 C	 G	 T
1	 0	 1489	 3
1	 0	 1827	 2
6	 2	 8519	 1
3	 0	 6714	 4
3	 1	 13364	 5
1	 0	 2611	 0
2	 1	 15487	 2
2	 1	 8518	 1
4	 1	 8162	 3
0	 1	 760	 1
6	 1	 16883	 5
4	 4	 12230	 1
2	 2	 8252	 1
1	 0	 2289	 0
7	 0	 11881	 4
9	 4	 7610	 1
3	 2	 3755	 2
1	 0	 1978	 0
5	 0	 16841	 5
5	 2	 8858	 3
2	 0	 2199	 2
2	 0	 395	 0
1	 3	 11352	 5
1	 2	 9242	 1
4	 1	 12111	 3
0	 0	 1491	 1
1	 0	 8501	 2
4	 1	 10626	 6
1	 0	 429	 0
1	 0	 1929	 0
2	 1	 1464	 2
1	 0	 2482	 3
4	 1	 7762	 3
1	 0	 1431	 0
3	 2	 2631	 1
2	 2	 13221	 3
1	 0	 787	 0
4	 0	 1575	 1
2	 4	 6424	 5
4	 1	 10058	 1
3	 1	 3147	 3
0	 0	 7	 0
3	 3	 17341	 2
1	 0	 6549	 3
0	 0	 1320	 1
1	 0	 2346	 0
5	 0	 9940	 4
3	 0	 679	 2
