A	 C	 G	 T
173410	 1	 18	 1
31006	 0	 6	 0
304407	 0	 15	 9
202634	 1	 12	 4
246793	 2	 17	 5
32598	 0	 1	 1
210905	 1	 10	 5
187357	 1	 10	 3
231516	 0	 13	 7
30218	 0	 4	 0
286509	 1	 20	 9
221211	 0	 15	 5
275135	 2	 12	 6
31594	 0	 2	 1
226048	 0	 10	 8
200569	 0	 17	 3
223653	 2	 12	 3
29539	 0	 1	 0
290032	 1	 20	 6
175503	 1	 10	 6
32469	 0	 2	 1
7027	 0	 1	 0
227592	 1	 11	 4
135088	 0	 5	 2
233411	 0	 17	 4
23576	 0	 2	 1
176229	 0	 10	 5
230277	 1	 11	 7
28116	 1	 0	 0
31744	 1	 3	 0
197294	 0	 16	 4
56390	 1	 6	 0
241020	 3	 16	 6
24499	 0	 2	 0
135332	 1	 8	 3
205160	 1	 14	 6
20902	 0	 1	 1
39886	 0	 0	 2
215777	 2	 13	 2
157098	 2	 9	 5
284273	 0	 17	 4
118	 0	 0	 0
287908	 1	 13	 5
177263	 0	 12	 4
35809	 0	 2	 2
35567	 0	 0	 2
223020	 0	 17	 3
152414	 0	 3	 1
