A	 C	 G	 T
170839	 1	 5	 4
30365	 0	 3	 0
298511	 0	 10	 3
199586	 0	 12	 0
242850	 1	 15	 2
31932	 0	 2	 0
207121	 0	 12	 2
184274	 2	 6	 1
227990	 0	 18	 2
29733	 0	 0	 0
281913	 3	 14	 3
217876	 3	 9	 1
270896	 2	 10	 3
30916	 0	 2	 2
222606	 0	 9	 2
197333	 0	 7	 1
220274	 0	 8	 2
29010	 0	 2	 0
285398	 1	 14	 1
172780	 1	 8	 2
31862	 0	 2	 0
6895	 0	 0	 0
223537	 0	 5	 2
132763	 1	 12	 4
229632	 4	 11	 1
23078	 0	 0	 0
172783	 1	 9	 1
226434	 1	 16	 0
27674	 1	 1	 1
31122	 0	 3	 0
194334	 1	 7	 3
55522	 0	 0	 0
237418	 2	 10	 2
24029	 0	 0	 1
133460	 1	 6	 0
201546	 3	 6	 1
20517	 0	 1	 0
39198	 0	 2	 0
212496	 0	 7	 1
154611	 0	 7	 1
280045	 1	 14	 0
112	 0	 0	 0
282840	 1	 17	 1
173671	 1	 6	 1
35116	 0	 3	 0
34696	 0	 3	 1
219308	 0	 17	 1
149768	 0	 8	 2
