A	 C	 G	 T
123	 6	 182217	 52
29	 1	 38612	 15
216	 5	 317299	 76
140	 5	 211286	 59
190	 7	 258155	 77
25	 1	 39675	 11
171	 2	 221901	 59
168	 4	 195911	 44
138	 5	 239595	 60
24	 0	 37786	 10
219	 3	 300468	 65
171	 2	 231142	 61
190	 6	 287267	 70
30	 1	 38161	 22
171	 6	 236021	 64
118	 0	 211037	 56
163	 5	 233582	 73
27	 0	 35265	 10
206	 7	 303451	 73
117	 1	 183803	 45
28	 0	 39080	 8
5	 0	 8705	 2
177	 3	 239503	 73
110	 1	 142192	 34
164	 4	 242406	 49
18	 1	 28750	 10
118	 1	 186213	 47
146	 3	 241984	 63
24	 1	 34158	 16
29	 1	 39134	 10
133	 2	 206201	 61
41	 3	 62555	 28
188	 8	 252228	 62
27	 1	 30795	 9
73	 3	 142950	 29
143	 2	 215206	 62
23	 1	 26314	 13
39	 1	 47708	 16
151	 4	 224609	 42
91	 1	 163855	 45
184	 2	 294601	 59
0	 0	 124	 0
206	 3	 305313	 62
119	 4	 184850	 42
36	 0	 42885	 19
32	 0	 42584	 14
176	 5	 232906	 54
134	 4	 160415	 51
