A	 C	 G	 T
7	 2	 171158	 5
4	 0	 30519	 2
14	 2	 300656	 17
2	 1	 200190	 7
9	 4	 244016	 10
4	 0	 32154	 0
5	 1	 208610	 9
6	 1	 185140	 7
13	 3	 228856	 11
1	 0	 29817	 1
22	 4	 283164	 7
12	 5	 219008	 11
10	 4	 271986	 16
1	 1	 31127	 1
9	 4	 223643	 8
11	 2	 198189	 12
12	 1	 220733	 6
6	 1	 29134	 2
14	 2	 286858	 12
6	 2	 173501	 6
2	 1	 32041	 2
0	 0	 6953	 1
9	 4	 224803	 9
5	 0	 133599	 5
10	 0	 230568	 13
0	 0	 23251	 0
5	 3	 174346	 7
10	 4	 227547	 4
0	 1	 27768	 1
4	 0	 31353	 1
10	 1	 194667	 12
4	 1	 55771	 3
8	 2	 238129	 6
1	 0	 24144	 0
11	 0	 133875	 6
10	 6	 202854	 5
1	 1	 20630	 0
4	 1	 39307	 1
10	 5	 213093	 6
4	 4	 155392	 7
17	 1	 280511	 2
0	 0	 118	 0
13	 2	 284664	 8
5	 1	 175232	 11
4	 1	 35348	 1
3	 0	 35074	 5
8	 2	 220347	 10
6	 2	 151031	 11
