A	 C	 G	 T
7	 6	 5	 174953
1	 5	 1	 37572
9	 19	 7	 307212
5	 24	 3	 203230
5	 45	 16	 248673
0	 2	 1	 38746
13	 30	 8	 209943
14	 27	 11	 188977
6	 13	 3	 231197
0	 1	 0	 36954
18	 35	 34	 289038
7	 42	 3	 222225
13	 16	 5	 276960
1	 6	 0	 37189
4	 14	 5	 227780
5	 30	 7	 203471
5	 11	 3	 225465
1	 2	 0	 34367
17	 33	 8	 290728
2	 25	 3	 177345
1	 4	 1	 38037
0	 0	 0	 8429
3	 12	 4	 229713
10	 21	 5	 136510
7	 15	 3	 233018
0	 0	 0	 28037
4	 6	 4	 178258
4	 30	 7	 232772
1	 5	 0	 33317
2	 2	 0	 38099
6	 16	 0	 198908
7	 10	 21	 57055
12	 9	 4	 243616
2	 3	 0	 30002
5	 12	 3	 136503
6	 34	 10	 207511
2	 5	 0	 25537
4	 4	 0	 46504
10	 24	 5	 218100
5	 19	 4	 158280
4	 29	 2	 287566
0	 0	 0	 117
13	 28	 5	 296291
10	 33	 5	 179222
2	 9	 2	 41482
2	 6	 0	 41486
9	 50	 6	 225543
10	 30	 5	 154490
