A	 C	 G	 T
37	 125727	 3	 9
5	 22265	 1	 3
35	 225926	 4	 16
34	 146859	 6	 6
44	 182569	 2	 25
1	 23902	 1	 4
43	 158807	 8	 9
26	 137089	 2	 6
25	 168688	 2	 9
3	 21379	 0	 4
57	 211189	 7	 14
42	 164347	 2	 6
41	 200907	 5	 15
9	 22567	 0	 3
32	 165684	 7	 11
36	 146879	 8	 7
43	 161414	 3	 13
3	 21481	 2	 4
49	 215049	 7	 15
33	 128868	 6	 13
5	 23638	 1	 7
2	 5171	 0	 2
45	 168402	 6	 14
26	 101150	 2	 11
35	 171025	 3	 9
3	 16464	 2	 5
30	 130958	 6	 14
38	 167522	 8	 12
2	 19912	 1	 1
7	 23020	 1	 4
30	 140861	 2	 6
12	 44174	 1	 8
39	 178760	 2	 10
3	 17544	 1	 5
37	 99166	 1	 7
34	 149787	 8	 5
1	 15133	 0	 3
7	 28126	 1	 5
16	 154557	 5	 9
24	 116354	 3	 6
32	 200407	 7	 10
0	 88	 0	 0
44	 210234	 5	 16
23	 128166	 4	 9
7	 25604	 0	 4
4	 25468	 0	 6
45	 162473	 6	 9
32	 111867	 4	 9
