A	 C	 G	 T
1	 0	 0	 119747
0	 0	 1	 21849
1	 1	 1	 210832
1	 1	 0	 141219
2	 0	 1	 175722
0	 0	 0	 22469
1	 0	 0	 153219
1	 0	 0	 132036
1	 1	 0	 162785
0	 0	 0	 20615
0	 1	 0	 202338
0	 1	 1	 157047
1	 0	 1	 192716
0	 0	 0	 21727
0	 0	 0	 160163
0	 0	 1	 139862
0	 2	 1	 155213
0	 0	 0	 20575
1	 0	 0	 203888
1	 2	 0	 124376
1	 0	 0	 22574
0	 0	 0	 4877
1	 1	 0	 164789
0	 0	 0	 95229
2	 0	 0	 162726
0	 0	 0	 16644
0	 0	 2	 121552
1	 0	 0	 158602
1	 0	 0	 19048
0	 0	 1	 21724
0	 0	 3	 135635
0	 0	 0	 39432
0	 0	 0	 165420
0	 0	 0	 16999
1	 0	 0	 93881
1	 2	 0	 143531
1	 0	 0	 14208
0	 0	 0	 27079
0	 0	 0	 149125
1	 1	 2	 111260
2	 0	 1	 193964
0	 0	 0	 77
2	 3	 3	 201620
0	 1	 0	 129538
0	 1	 0	 24847
0	 0	 0	 24389
0	 2	 0	 157210
0	 0	 0	 98553
