A	 C	 G	 T
5	 168161	 0	 6
7	 30084	 0	 3
22	 294892	 0	 10
13	 196612	 0	 2
12	 239261	 0	 10
8	 31526	 0	 5
10	 204400	 0	 4
11	 181655	 0	 6
15	 224475	 0	 11
4	 29283	 0	 5
20	 276791	 0	 11
8	 214794	 1	 11
18	 267281	 1	 3
7	 30428	 0	 2
9	 219086	 0	 9
17	 194379	 0	 8
16	 216581	 0	 4
5	 28582	 0	 1
12	 280684	 0	 7
13	 170081	 0	 1
4	 31436	 0	 2
1	 6805	 0	 0
14	 220879	 0	 2
15	 130977	 0	 1
12	 226305	 0	 6
1	 22874	 0	 1
8	 170432	 0	 3
10	 222836	 0	 10
1	 27251	 0	 1
5	 30580	 0	 0
17	 190680	 0	 8
1	 54663	 0	 2
14	 233576	 0	 4
2	 23666	 0	 0
15	 131728	 0	 5
15	 198462	 0	 4
0	 20240	 0	 0
4	 38434	 0	 2
12	 208828	 0	 6
13	 152696	 0	 5
23	 274963	 0	 7
0	 116	 0	 0
20	 278120	 0	 12
7	 171949	 0	 6
7	 34605	 0	 0
2	 34205	 0	 5
10	 215893	 0	 8
3	 147472	 1	 4
