A	 C	 G	 T
3	 5	 149793	 7
3	 0	 32542	 2
11	 1	 263411	 6
10	 3	 158571	 1
11	 4	 209455	 2
2	 4	 33715	 4
10	 1	 142766	 4
4	 3	 159959	 4
10	 1	 164647	 10
2	 1	 32106	 1
14	 2	 242864	 11
14	 1	 186406	 10
10	 6	 237778	 2
4	 0	 31708	 4
9	 3	 196533	 5
9	 1	 176251	 7
6	 4	 189101	 2
4	 0	 28318	 3
5	 6	 246529	 7
10	 5	 149740	 7
4	 1	 32614	 0
2	 0	 7216	 0
9	 1	 198569	 8
7	 0	 119871	 2
15	 1	 200870	 7
1	 0	 24097	 2
5	 1	 152854	 3
6	 4	 202757	 5
0	 0	 28372	 2
1	 0	 32064	 8
11	 3	 166471	 2
3	 2	 49651	 1
6	 3	 203484	 15
1	 1	 25464	 1
7	 1	 120112	 1
11	 5	 177396	 6
0	 0	 21533	 2
1	 0	 39633	 3
6	 3	 187007	 4
3	 0	 138122	 8
5	 3	 244987	 11
0	 0	 104	 0
15	 8	 255456	 7
4	 1	 152507	 5
3	 1	 28002	 2
3	 1	 35527	 3
8	 4	 194043	 4
6	 3	 132670	 6
