A	 C	 G	 T
4	 172094	 0	 8
1	 36993	 0	 0
8	 303438	 0	 3
3	 199809	 0	 3
9	 246167	 1	 8
0	 38173	 0	 3
5	 206600	 1	 2
1	 186560	 0	 2
2	 227421	 0	 4
1	 36532	 0	 2
6	 285188	 0	 2
3	 218688	 1	 1
2	 273733	 1	 1
0	 36735	 0	 0
1	 225104	 1	 3
3	 200739	 0	 3
1	 222695	 2	 1
1	 33978	 0	 0
2	 287635	 0	 13
2	 174369	 1	 2
0	 37625	 0	 0
0	 8330	 0	 0
6	 226581	 0	 4
1	 134854	 0	 0
3	 230076	 2	 1
1	 27661	 0	 1
3	 176094	 1	 1
3	 229601	 0	 8
0	 33037	 0	 1
1	 37521	 0	 2
1	 196146	 0	 1
1	 56338	 0	 1
4	 240536	 1	 1
0	 29576	 1	 0
3	 134920	 1	 4
4	 204044	 1	 2
1	 25068	 0	 1
2	 46027	 0	 1
3	 215446	 0	 4
3	 155751	 0	 4
6	 284352	 1	 3
0	 116	 0	 0
5	 292537	 0	 8
4	 176865	 0	 1
4	 40862	 1	 1
1	 40863	 0	 4
6	 222712	 0	 5
3	 151859	 0	 2
