A	 C	 G	 T
8	 1	 172342	 19
0	 0	 36917	 4
6	 2	 302782	 28
12	 2	 200213	 17
8	 3	 245066	 17
1	 0	 38098	 4
7	 1	 206716	 11
8	 3	 186038	 21
17	 5	 228252	 8
5	 2	 36287	 9
10	 2	 284643	 23
14	 3	 219745	 15
11	 2	 272979	 15
2	 0	 36430	 6
7	 5	 224701	 16
8	 1	 200289	 22
5	 3	 221937	 10
4	 1	 33760	 9
9	 5	 286264	 27
7	 1	 174666	 12
3	 0	 37423	 4
0	 0	 8285	 3
9	 2	 226196	 26
3	 4	 134516	 15
12	 2	 229433	 18
3	 0	 27492	 7
5	 3	 175711	 21
10	 0	 229161	 9
0	 0	 32775	 2
2	 1	 37357	 17
7	 1	 195576	 19
3	 0	 56154	 7
8	 1	 239845	 13
2	 0	 29434	 2
10	 0	 134629	 8
11	 6	 204332	 8
2	 0	 25144	 9
2	 0	 45621	 5
10	 3	 215011	 12
7	 2	 156223	 5
5	 1	 283253	 14
0	 0	 116	 0
9	 2	 291789	 23
7	 2	 176434	 8
0	 0	 40782	 5
3	 0	 40659	 18
8	 0	 222199	 15
9	 0	 152115	 17
