A	 C	 G	 T
115968	 1	 1	 4
21934	 0	 2	 0
214625	 5	 8	 8
139404	 3	 5	 6
172271	 1	 7	 6
22821	 1	 2	 0
148260	 1	 11	 2
130364	 1	 7	 3
160180	 1	 5	 2
20819	 0	 0	 1
199697	 3	 7	 5
154718	 7	 7	 1
190483	 2	 8	 3
21988	 1	 3	 0
157356	 3	 8	 7
139147	 2	 6	 4
152028	 1	 5	 3
21051	 0	 1	 2
202790	 6	 10	 4
122499	 2	 9	 1
22711	 0	 1	 0
5014	 0	 0	 0
159681	 4	 7	 5
94509	 4	 4	 2
161281	 3	 9	 5
16496	 1	 3	 0
123548	 1	 5	 3
160608	 1	 14	 2
18978	 1	 0	 1
21993	 1	 0	 1
129968	 4	 2	 5
39042	 1	 1	 1
165945	 1	 9	 5
17168	 0	 2	 1
93963	 2	 4	 4
143183	 1	 7	 2
14517	 0	 2	 0
27504	 1	 1	 0
147089	 4	 5	 6
111093	 0	 8	 4
188400	 3	 2	 0
84	 0	 0	 0
201874	 7	 7	 5
124602	 1	 9	 5
24984	 1	 4	 0
24844	 1	 4	 1
154920	 4	 3	 3
107187	 0	 5	 4
