A	 C	 G	 T
1	 93849	 0	 0
3	 19055	 0	 0
8	 166153	 1	 2
1	 116424	 1	 1
2	 140984	 2	 1
1	 18136	 0	 0
3	 118386	 0	 2
2	 110006	 0	 0
6	 129948	 1	 1
0	 17465	 0	 0
11	 160936	 2	 0
1	 125073	 0	 2
2	 170841	 0	 1
1	 17025	 0	 1
6	 127700	 2	 0
4	 131536	 1	 2
1	 125588	 0	 1
1	 17061	 0	 0
10	 161369	 1	 1
2	 98541	 1	 3
0	 18118	 0	 0
1	 3826	 0	 0
4	 132131	 0	 0
2	 76535	 1	 2
6	 135268	 0	 2
0	 13704	 0	 0
1	 91850	 1	 0
3	 127252	 0	 1
0	 15449	 0	 0
0	 17209	 0	 1
9	 104614	 0	 2
0	 31845	 0	 0
2	 135848	 0	 1
0	 14043	 0	 0
0	 75412	 0	 0
5	 120986	 0	 1
0	 11282	 0	 1
1	 22170	 0	 1
3	 122732	 0	 3
3	 91360	 1	 3
5	 156856	 0	 3
0	 70	 0	 0
8	 155529	 2	 4
2	 94052	 1	 1
0	 19229	 0	 1
2	 18760	 0	 1
5	 125364	 0	 0
1	 63572	 0	 0
