A	 C	 G	 T
8	 4	 113657	 5
2	 0	 22732	 2
11	 12	 202434	 12
3	 8	 139639	 11
7	 7	 174607	 5
3	 2	 23554	 2
9	 6	 154873	 7
3	 6	 129405	 7
13	 7	 162635	 4
4	 1	 19844	 0
9	 10	 201964	 9
10	 9	 156141	 5
14	 12	 189279	 8
1	 1	 22628	 1
5	 12	 158893	 7
9	 8	 142496	 9
8	 7	 147338	 5
0	 1	 21328	 2
6	 8	 200103	 18
5	 7	 124181	 4
2	 1	 23526	 1
0	 0	 4913	 0
6	 9	 161557	 6
1	 3	 98867	 1
12	 8	 170354	 7
2	 1	 16915	 1
6	 2	 126216	 4
11	 6	 158954	 4
0	 1	 17593	 1
0	 0	 22087	 0
6	 8	 125321	 8
1	 2	 38968	 1
7	 9	 151343	 7
1	 1	 17226	 0
5	 2	 88953	 5
9	 4	 128382	 1
0	 0	 14280	 0
0	 1	 26471	 2
11	 7	 144407	 6
7	 5	 114140	 3
12	 11	 177430	 11
0	 0	 80	 0
11	 6	 201816	 5
4	 3	 115512	 6
2	 1	 24855	 0
0	 0	 25126	 1
11	 12	 155964	 5
2	 4	 87423	 3
