A	 C	 G	 T
64443	 1	 3	 0
12339	 0	 6	 0
122707	 0	 3	 1
80750	 0	 0	 1
100204	 0	 3	 1
14185	 0	 2	 1
89422	 0	 4	 0
69867	 0	 1	 3
94165	 0	 6	 1
11860	 0	 3	 1
118657	 0	 2	 1
91844	 0	 6	 2
108391	 0	 2	 1
12924	 0	 4	 0
91753	 0	 3	 2
80673	 0	 4	 0
85141	 0	 7	 1
12268	 0	 5	 0
119225	 0	 5	 3
71982	 0	 3	 3
13951	 0	 2	 0
2748	 0	 0	 0
94053	 1	 3	 1
58413	 0	 4	 1
97492	 1	 2	 2
8220	 0	 2	 0
74443	 0	 0	 1
94554	 0	 4	 3
10463	 0	 1	 0
12986	 0	 2	 1
72151	 0	 2	 0
22986	 0	 1	 0
107444	 0	 1	 0
9735	 0	 2	 0
52126	 0	 2	 2
80879	 0	 2	 1
8181	 0	 0	 0
15726	 0	 1	 1
85104	 0	 3	 0
68111	 0	 3	 0
108469	 0	 4	 1
57	 0	 0	 0
119500	 0	 5	 2
71272	 1	 5	 3
14447	 0	 4	 0
14152	 0	 3	 0
89621	 1	 1	 1
59311	 0	 1	 0
