A	 C	 G	 T
5	 150000	 3	 1
4	 32596	 2	 2
17	 263790	 8	 0
8	 158885	 8	 0
17	 209742	 5	 0
0	 33760	 0	 1
6	 143015	 9	 0
7	 160154	 5	 1
6	 165005	 3	 0
4	 32147	 2	 0
12	 243219	 8	 2
12	 186723	 5	 1
16	 238137	 4	 1
1	 31766	 0	 0
10	 196849	 5	 1
12	 176511	 4	 0
10	 189336	 3	 2
1	 28355	 1	 0
14	 246875	 5	 0
4	 149969	 6	 0
3	 32667	 2	 1
0	 7228	 0	 0
4	 198859	 6	 0
5	 120067	 2	 0
11	 201215	 7	 2
1	 24131	 0	 0
10	 153074	 3	 1
7	 203024	 6	 0
0	 28415	 1	 1
1	 32149	 4	 1
15	 166704	 7	 0
1	 49729	 1	 0
10	 203804	 8	 2
1	 25519	 0	 1
4	 120274	 2	 0
6	 177650	 7	 0
1	 21568	 0	 1
0	 39703	 2	 0
15	 187254	 4	 0
9	 138299	 0	 0
12	 245367	 5	 0
0	 104	 0	 0
10	 255854	 12	 0
8	 152753	 3	 1
0	 28073	 2	 0
0	 35584	 4	 1
12	 194329	 1	 0
1	 132908	 6	 0
