A	 C	 G	 T
166228	 0	 3	 0
35675	 0	 2	 0
291987	 0	 5	 0
191539	 0	 2	 0
235999	 1	 3	 0
36853	 0	 2	 0
195321	 0	 0	 0
179132	 1	 3	 0
216295	 0	 4	 0
35082	 0	 5	 0
273778	 0	 10	 0
211552	 0	 2	 0
263049	 0	 10	 0
35085	 0	 1	 0
216755	 0	 8	 0
193140	 0	 6	 1
213551	 0	 6	 0
32525	 0	 2	 0
275715	 0	 13	 0
168268	 1	 0	 1
36198	 0	 2	 0
7972	 0	 0	 0
218022	 2	 3	 0
129969	 0	 0	 0
221185	 1	 9	 0
26660	 0	 3	 0
169432	 0	 10	 0
220957	 0	 7	 1
31650	 1	 0	 0
35875	 0	 3	 1
187996	 1	 4	 0
54235	 0	 1	 0
230589	 1	 9	 0
28304	 0	 2	 0
130259	 0	 4	 0
196688	 0	 2	 0
24203	 0	 4	 0
43892	 0	 2	 0
206977	 1	 3	 0
151033	 1	 4	 0
272627	 0	 10	 0
112	 0	 0	 0
281416	 0	 11	 0
169809	 2	 7	 0
38593	 0	 7	 0
39200	 0	 6	 0
214113	 0	 2	 0
146483	 0	 1	 0
