A	 C	 G	 T
4	 175226	 1	 3
6	 31336	 0	 0
7	 307129	 1	 7
8	 204666	 2	 6
9	 249110	 2	 3
4	 32949	 0	 2
3	 213155	 1	 3
11	 189086	 1	 6
9	 234260	 0	 4
9	 30502	 0	 0
13	 289448	 4	 6
6	 223262	 0	 6
12	 277869	 3	 4
13	 31948	 0	 3
9	 228235	 2	 4
8	 202774	 0	 3
4	 225928	 1	 5
7	 29862	 1	 2
7	 293491	 2	 10
5	 177377	 1	 2
6	 32782	 0	 1
0	 7106	 0	 1
16	 229813	 2	 3
11	 136390	 6	 3
14	 235778	 5	 5
7	 23822	 0	 1
6	 178020	 3	 4
6	 232777	 0	 8
8	 28490	 1	 0
8	 32149	 1	 3
10	 199392	 1	 4
4	 56959	 0	 1
9	 244177	 1	 3
3	 24786	 1	 0
8	 136709	 1	 3
7	 207239	 2	 4
2	 21165	 0	 0
12	 40324	 0	 4
7	 217868	 1	 6
3	 158555	 7	 1
8	 287351	 4	 6
0	 117	 0	 0
10	 291383	 1	 4
5	 179232	 3	 1
13	 36218	 3	 1
15	 35983	 0	 1
12	 225286	 0	 6
6	 154335	 3	 3
