A	 C	 G	 T
4	 169273	 18	 4
3	 36127	 6	 3
5	 297468	 28	 17
8	 196224	 20	 8
5	 240687	 13	 7
1	 37267	 3	 1
6	 201764	 21	 5
1	 182795	 10	 2
6	 222583	 21	 7
0	 35499	 6	 7
6	 279512	 23	 9
6	 215810	 24	 8
6	 268229	 25	 13
1	 35728	 5	 1
5	 220846	 25	 14
9	 196800	 23	 4
5	 217980	 15	 13
1	 32988	 1	 3
8	 281153	 20	 12
3	 171474	 17	 7
0	 36757	 5	 0
1	 8094	 2	 0
6	 221993	 20	 9
4	 132218	 6	 7
3	 225404	 24	 8
1	 26919	 4	 0
3	 172674	 13	 7
9	 225133	 20	 22
0	 32188	 1	 1
1	 36597	 2	 0
6	 192120	 12	 7
2	 55250	 5	 1
8	 235612	 34	 11
0	 28811	 4	 2
1	 132027	 11	 1
7	 200710	 13	 10
1	 24649	 3	 2
0	 44683	 3	 3
5	 211215	 15	 8
12	 153297	 18	 8
8	 278387	 27	 11
0	 115	 0	 0
2	 286587	 25	 13
5	 173378	 15	 8
2	 39660	 4	 2
0	 39902	 0	 3
3	 218329	 21	 10
4	 149386	 22	 3
