A	 C	 G	 T
17	 3	 169792	 3
2	 0	 36473	 4
31	 5	 298441	 16
21	 2	 196423	 13
19	 3	 241604	 5
0	 0	 37579	 7
14	 2	 202652	 9
20	 3	 183307	 8
20	 5	 224317	 8
5	 1	 35848	 8
27	 5	 280116	 30
23	 3	 216701	 11
24	 5	 268903	 13
5	 0	 35965	 3
15	 5	 221406	 13
25	 2	 197234	 9
12	 4	 218513	 4
3	 0	 33284	 7
30	 5	 282003	 23
11	 3	 171987	 11
7	 1	 36948	 6
3	 0	 8163	 2
21	 4	 222854	 13
14	 2	 132652	 8
16	 3	 226022	 4
5	 0	 27125	 1
11	 2	 173227	 8
29	 5	 225556	 17
5	 1	 32412	 9
2	 2	 36790	 7
20	 7	 192407	 8
2	 2	 55466	 4
23	 3	 235700	 15
1	 0	 28995	 2
16	 1	 132854	 3
21	 2	 201027	 7
4	 0	 24780	 2
3	 0	 44977	 8
13	 0	 211646	 12
10	 2	 153998	 7
27	 7	 279020	 12
0	 0	 117	 0
33	 5	 287514	 13
11	 0	 173600	 12
4	 1	 40100	 3
2	 0	 40104	 3
20	 3	 218803	 15
17	 2	 149681	 3
