A	 C	 G	 T
4	 8	 1	 173615
0	 3	 0	 31036
2	 24	 0	 304719
2	 11	 1	 202982
1	 20	 2	 247290
1	 2	 0	 32687
6	 11	 3	 211345
5	 15	 0	 187505
2	 13	 1	 232008
0	 3	 0	 30265
8	 14	 1	 287055
5	 9	 0	 221671
3	 23	 2	 275691
2	 2	 0	 31686
4	 16	 1	 226612
5	 19	 1	 201064
7	 15	 1	 223934
0	 2	 0	 29609
9	 13	 0	 290792
4	 8	 0	 175899
0	 0	 0	 32515
0	 0	 0	 7048
5	 17	 1	 227923
3	 4	 0	 135325
7	 11	 1	 233809
0	 3	 0	 23610
1	 8	 0	 176734
5	 19	 1	 230801
1	 1	 0	 28195
0	 2	 0	 31845
4	 7	 3	 197567
3	 2	 0	 56546
5	 13	 2	 241447
0	 3	 0	 24571
3	 7	 1	 135644
4	 14	 0	 205620
0	 4	 0	 20958
0	 0	 0	 39956
2	 16	 1	 216161
3	 15	 1	 157375
8	 18	 0	 284842
0	 0	 0	 118
4	 25	 2	 288554
3	 8	 0	 177772
1	 2	 0	 35880
1	 5	 0	 35673
6	 16	 0	 223430
1	 7	 0	 153061
