A	 C	 G	 T
3	 173646	 0	 7
28	 31003	 0	 3
14	 304722	 0	 12
12	 203018	 2	 7
16	 247250	 0	 15
36	 32630	 0	 2
9	 211347	 1	 4
10	 187584	 1	 7
12	 231915	 1	 8
24	 30253	 0	 2
33	 287071	 2	 16
10	 221671	 2	 13
18	 275724	 2	 13
43	 31633	 1	 4
15	 226585	 0	 15
18	 201015	 0	 5
13	 224016	 0	 11
32	 29557	 1	 1
18	 290695	 0	 8
19	 175877	 0	 10
24	 32501	 0	 4
2	 7048	 0	 1
16	 227981	 0	 16
8	 135340	 0	 4
12	 233798	 0	 9
22	 23591	 0	 2
12	 176616	 1	 6
20	 230753	 0	 12
28	 28166	 0	 3
27	 31835	 0	 3
8	 197654	 0	 5
4	 56524	 1	 4
16	 241592	 0	 10
10	 24544	 0	 2
5	 135641	 0	 5
7	 205569	 0	 14
11	 20956	 0	 1
51	 39921	 0	 1
10	 216135	 0	 13
7	 157333	 3	 12
14	 284963	 1	 11
0	 118	 0	 0
48	 288527	 0	 12
3	 177714	 0	 4
51	 35849	 0	 5
50	 35609	 0	 2
18	 223373	 1	 14
12	 152998	 0	 9
