A	 C	 G	 T
3	 176956	 0	 6
2	 31723	 0	 2
16	 310117	 2	 11
6	 206731	 0	 13
9	 251572	 1	 5
0	 33348	 0	 1
7	 215278	 2	 14
6	 190953	 0	 12
3	 236685	 0	 4
0	 30867	 0	 4
18	 292341	 0	 12
4	 225307	 2	 19
7	 280596	 0	 17
4	 32380	 0	 1
4	 230501	 0	 10
3	 204840	 0	 9
17	 228102	 4	 16
1	 30222	 0	 3
22	 296523	 1	 13
4	 179225	 2	 6
0	 33148	 1	 0
0	 7182	 1	 1
11	 232062	 0	 6
3	 137726	 0	 7
8	 238361	 0	 11
3	 24104	 0	 3
5	 179790	 1	 7
6	 235145	 0	 15
2	 28813	 1	 2
2	 32542	 0	 2
8	 201374	 0	 6
2	 57544	 0	 4
7	 246817	 0	 10
2	 25073	 0	 1
5	 138086	 0	 3
4	 209366	 0	 14
0	 21427	 0	 3
2	 40745	 0	 4
5	 219886	 3	 10
3	 160263	 1	 9
10	 290269	 2	 10
0	 119	 0	 0
7	 294410	 0	 9
6	 181035	 0	 11
2	 36619	 0	 6
0	 36435	 0	 2
3	 227515	 0	 6
5	 155937	 0	 6
