A	 C	 G	 T
8	 10	 11	 170035
3	 8	 1	 30380
20	 17	 10	 298597
8	 21	 6	 198845
16	 19	 5	 242414
0	 4	 0	 31979
9	 25	 8	 207198
14	 11	 6	 183787
4	 17	 6	 227325
3	 8	 0	 29630
15	 21	 11	 281081
11	 16	 12	 217592
19	 19	 10	 270197
5	 6	 1	 30907
15	 11	 5	 222125
8	 11	 1	 196674
11	 13	 11	 219170
3	 5	 0	 28975
16	 21	 8	 284814
13	 14	 7	 172418
1	 2	 2	 31854
0	 0	 0	 6903
16	 20	 7	 223419
9	 12	 4	 132722
16	 19	 11	 229064
1	 5	 0	 23114
5	 19	 12	 173097
12	 20	 8	 225924
0	 5	 2	 27572
2	 2	 3	 31083
8	 14	 6	 193163
7	 5	 1	 55376
11	 18	 6	 236541
2	 3	 1	 23981
9	 11	 3	 133116
19	 11	 5	 201295
2	 2	 0	 20498
2	 6	 2	 38970
18	 11	 11	 211507
10	 18	 6	 154464
12	 25	 4	 278381
0	 0	 0	 117
15	 22	 7	 282587
8	 12	 7	 174090
1	 5	 3	 35103
4	 3	 0	 34790
11	 10	 13	 218851
9	 11	 4	 149894
