A	 C	 G	 T
2	 21	 4	 176154
1	 11	 1	 37767
9	 29	 5	 308796
1	 23	 7	 204240
3	 38	 5	 250390
1	 7	 1	 38842
4	 24	 7	 213103
4	 25	 0	 190156
6	 36	 5	 234152
0	 14	 0	 37065
3	 32	 4	 291314
6	 30	 4	 223913
1	 36	 5	 278721
1	 2	 1	 37412
7	 24	 9	 229070
3	 28	 3	 204660
3	 40	 1	 226762
0	 10	 1	 34548
8	 42	 5	 293117
2	 19	 1	 178514
0	 3	 0	 38217
1	 0	 1	 8452
5	 32	 4	 231370
3	 23	 3	 137566
7	 26	 4	 234790
1	 4	 1	 28095
3	 21	 6	 179691
2	 32	 3	 234285
1	 4	 1	 33414
0	 3	 0	 38329
4	 15	 8	 199926
0	 4	 0	 58417
3	 30	 5	 244767
0	 6	 3	 30132
3	 26	 2	 137644
2	 30	 3	 208794
0	 8	 0	 25686
1	 10	 1	 46705
4	 24	 3	 218970
1	 31	 6	 159188
7	 34	 8	 288495
0	 0	 0	 117
4	 40	 14	 297638
6	 22	 5	 180074
0	 10	 3	 42008
1	 9	 0	 41661
1	 32	 2	 226789
1	 23	 5	 155502
