A	 C	 G	 T
6	 6	 0	 125605
0	 3	 0	 21919
3	 18	 0	 234585
4	 7	 0	 146303
5	 11	 0	 178367
0	 0	 1	 23499
3	 10	 1	 150755
3	 9	 0	 137731
3	 18	 0	 165741
0	 1	 0	 21718
3	 9	 1	 207490
3	 10	 0	 161672
3	 11	 0	 197523
1	 2	 0	 22310
4	 7	 0	 163628
2	 5	 0	 143319
3	 10	 0	 161747
1	 3	 0	 20885
3	 17	 0	 210422
1	 5	 0	 128907
3	 1	 0	 23760
0	 0	 0	 4967
4	 12	 1	 172983
4	 4	 0	 98738
6	 9	 0	 170578
0	 2	 0	 16905
2	 8	 2	 128524
6	 16	 0	 168780
0	 2	 0	 20325
0	 1	 1	 22308
3	 15	 0	 140748
1	 2	 0	 40244
3	 12	 0	 168799
0	 3	 0	 17684
0	 7	 0	 94981
3	 11	 0	 148104
0	 0	 0	 14578
1	 3	 0	 28480
3	 10	 0	 155427
0	 9	 2	 114630
6	 8	 0	 204886
0	 0	 0	 76
14	 11	 0	 209144
3	 13	 0	 131954
1	 1	 0	 24962
0	 2	 0	 24732
3	 9	 0	 160698
3	 9	 0	 109951
