A	 C	 G	 T
173502	 1	 15	 6
30997	 1	 1	 5
304404	 1	 16	 7
202856	 2	 7	 9
247033	 0	 11	 14
32633	 0	 2	 1
211115	 0	 7	 22
187432	 1	 8	 9
231687	 1	 12	 7
30243	 0	 0	 1
286811	 0	 12	 8
221498	 1	 11	 14
275506	 0	 7	 6
31640	 0	 0	 3
226354	 0	 9	 7
200798	 0	 14	 11
223755	 2	 10	 15
29560	 0	 0	 1
290390	 2	 14	 13
175709	 0	 10	 7
32498	 1	 0	 4
7045	 0	 0	 1
227753	 2	 9	 9
135196	 0	 9	 6
233575	 1	 9	 7
23593	 0	 3	 2
176441	 0	 3	 4
230494	 1	 10	 8
28170	 0	 1	 0
31825	 0	 3	 1
197412	 0	 9	 6
56457	 0	 1	 2
241349	 0	 5	 13
24534	 0	 1	 1
135506	 0	 1	 5
205367	 0	 8	 2
20935	 0	 3	 0
39928	 0	 0	 1
215913	 0	 6	 7
157193	 0	 3	 10
284608	 0	 10	 11
118	 0	 0	 0
288241	 0	 18	 12
177497	 1	 5	 8
35859	 0	 5	 2
35632	 0	 0	 3
223178	 0	 11	 8
152834	 3	 10	 5
