A	 C	 G	 T
4	 827	 3	 175929
3	 54	 1	 37716
10	 852	 10	 308617
3	 753	 4	 204818
10	 1088	 5	 249777
2	 33	 2	 38870
11	 1546	 4	 211742
12	 670	 2	 189926
8	 449	 9	 233621
0	 26	 1	 37059
13	 1175	 8	 290831
5	 919	 7	 223887
15	 1105	 6	 278316
1	 47	 1	 37408
11	 841	 6	 228944
6	 745	 7	 204309
11	 724	 6	 226590
0	 39	 2	 34492
8	 1605	 5	 292173
9	 598	 5	 178161
4	 77	 0	 38163
0	 23	 0	 8450
8	 1121	 5	 230634
8	 698	 0	 137129
10	 1152	 4	 234128
0	 28	 0	 28102
3	 970	 5	 179100
10	 919	 5	 233821
3	 54	 2	 33447
0	 41	 2	 38336
3	 674	 4	 199868
4	 1003	 1	 57432
9	 831	 5	 244804
1	 38	 0	 30105
2	 904	 7	 136962
4	 768	 3	 208567
1	 50	 0	 25698
1	 38	 0	 46748
7	 475	 2	 219081
5	 497	 3	 159062
9	 161	 10	 289022
0	 0	 0	 119
8	 615	 6	 297713
6	 396	 5	 180200
3	 42	 0	 41903
1	 37	 1	 41686
8	 710	 4	 226503
6	 636	 3	 155288
