A	 C	 G	 T
8	 176102	 11	 14
2	 37770	 5	 0
13	 309019	 37	 19
5	 205072	 25	 9
9	 250152	 26	 14
0	 38922	 0	 2
18	 212531	 40	 15
7	 190131	 24	 15
5	 234508	 20	 14
1	 37118	 3	 2
12	 291131	 82	 17
6	 224160	 27	 17
18	 278501	 23	 24
1	 37438	 3	 6
7	 229179	 29	 19
4	 204512	 23	 19
5	 226903	 19	 15
1	 34616	 3	 4
7	 292554	 62	 22
5	 178449	 13	 8
2	 38227	 3	 1
1	 8471	 1	 1
5	 230876	 30	 16
7	 137199	 14	 9
11	 234382	 20	 26
1	 28138	 2	 4
6	 179250	 28	 13
9	 234046	 24	 18
0	 33521	 3	 2
0	 38323	 3	 3
6	 200112	 28	 17
8	 57406	 73	 3
7	 245141	 20	 21
1	 30168	 4	 3
7	 137163	 23	 9
7	 208814	 29	 12
1	 25752	 1	 1
0	 46826	 0	 2
11	 219407	 23	 9
7	 159323	 13	 10
6	 289408	 17	 20
0	 119	 0	 0
11	 298059	 29	 21
6	 180396	 25	 18
2	 42153	 2	 2
1	 41717	 3	 5
8	 226827	 25	 7
2	 155408	 16	 8
