A	 C	 G	 T
2	 16	 70	 176063
0	 9	 15	 37663
8	 27	 116	 308423
5	 8	 63	 204995
6	 18	 80	 250113
1	 3	 17	 38768
2	 17	 43	 212905
6	 12	 64	 190018
4	 15	 58	 233512
0	 7	 18	 36971
4	 26	 106	 291069
6	 18	 95	 224004
4	 28	 110	 278548
0	 1	 14	 37353
2	 23	 78	 228959
1	 22	 61	 204427
3	 19	 60	 226642
0	 2	 9	 34416
6	 27	 105	 292832
5	 12	 54	 178192
0	 4	 8	 38112
0	 0	 5	 8431
3	 23	 85	 231095
3	 8	 49	 137372
1	 27	 79	 234592
0	 6	 10	 28022
1	 16	 71	 179536
6	 21	 75	 233979
0	 0	 12	 33356
0	 7	 9	 38261
2	 19	 56	 199903
1	 3	 27	 58318
5	 18	 67	 244860
0	 6	 7	 30084
3	 12	 61	 137339
3	 18	 80	 208647
0	 2	 7	 25659
1	 5	 23	 46628
3	 21	 67	 218791
5	 12	 54	 158939
5	 28	 88	 288135
0	 0	 0	 118
5	 24	 113	 297352
3	 16	 58	 179921
1	 6	 11	 41855
0	 4	 15	 41606
3	 21	 63	 226412
3	 12	 59	 155396
