A	 C	 G	 T
174893	 0	 34	 9
37511	 2	 14	 2
306984	 14	 77	 12
203133	 19	 85	 9
248414	 39	 130	 18
38681	 3	 12	 1
209612	 29	 155	 4
188729	 35	 145	 9
231211	 4	 36	 15
36909	 1	 7	 1
288628	 41	 250	 33
222156	 33	 99	 8
276642	 7	 64	 13
37161	 1	 9	 1
227573	 14	 63	 11
203197	 27	 106	 8
225330	 3	 49	 4
34362	 0	 5	 2
290462	 19	 163	 21
177105	 17	 84	 5
38002	 1	 6	 1
8412	 0	 4	 0
229394	 14	 98	 6
136302	 18	 98	 11
232781	 5	 45	 13
27980	 0	 13	 1
178087	 1	 77	 12
232466	 27	 90	 15
33295	 2	 8	 4
38031	 1	 5	 1
198651	 5	 77	 6
56931	 14	 96	 17
243378	 3	 51	 10
29969	 1	 5	 0
136385	 6	 58	 4
207236	 36	 116	 12
25536	 3	 4	 0
46470	 1	 5	 3
217923	 16	 80	 6
158229	 17	 77	 4
287379	 9	 54	 14
118	 0	 0	 0
295999	 24	 91	 10
179000	 34	 96	 7
41505	 4	 6	 3
41443	 3	 9	 3
225266	 46	 124	 14
154236	 27	 134	 6
