A	 C	 G	 T
8	 4	 64494	 12
1	 2	 12349	 2
21	 13	 122790	 17
11	 16	 80782	 10
24	 16	 100240	 16
4	 6	 14193	 1
15	 12	 89484	 8
12	 11	 69913	 14
21	 19	 94187	 14
3	 2	 11869	 1
26	 18	 118713	 27
17	 11	 91910	 7
20	 17	 108469	 20
4	 2	 12933	 0
19	 15	 91815	 8
21	 12	 80697	 19
20	 9	 85201	 17
1	 0	 12284	 0
30	 19	 119261	 35
15	 13	 72010	 8
1	 2	 13967	 0
1	 2	 2748	 0
13	 12	 94105	 24
16	 8	 58448	 14
16	 21	 97546	 12
4	 4	 8219	 1
11	 7	 74482	 7
22	 16	 94621	 9
3	 2	 10472	 1
2	 2	 12999	 3
13	 13	 72184	 13
3	 5	 22999	 4
21	 11	 107509	 9
2	 1	 9742	 0
14	 3	 52165	 6
15	 12	 80924	 4
3	 1	 8186	 2
7	 2	 15739	 0
16	 9	 85155	 16
13	 9	 68143	 20
21	 19	 108535	 14
0	 0	 57	 0
21	 15	 119587	 18
15	 21	 71312	 8
0	 4	 14462	 1
3	 1	 14163	 0
11	 10	 89677	 17
12	 8	 59335	 9
