A	 C	 G	 T
175880	 0	 2	 10
31505	 1	 0	 1
308164	 1	 5	 18
205452	 0	 4	 13
250120	 1	 0	 12
33123	 0	 0	 5
214000	 0	 4	 13
189724	 0	 1	 18
235200	 0	 1	 12
30667	 0	 1	 0
290641	 2	 2	 12
224163	 2	 2	 18
278964	 0	 1	 13
32150	 0	 0	 5
229132	 2	 0	 9
203623	 1	 0	 12
226739	 0	 4	 15
30014	 0	 0	 0
294643	 0	 2	 20
178085	 3	 2	 10
32934	 0	 1	 2
7136	 0	 0	 0
230533	 1	 2	 11
136925	 0	 1	 7
236744	 0	 5	 9
23925	 0	 0	 0
178794	 1	 0	 8
233575	 0	 1	 11
28620	 0	 0	 0
32322	 0	 0	 1
200050	 0	 2	 17
57176	 0	 0	 6
245017	 1	 1	 13
24870	 0	 0	 1
137327	 1	 0	 11
208120	 0	 3	 13
21262	 0	 0	 2
40522	 0	 0	 5
218679	 1	 2	 11
159185	 1	 1	 11
288387	 0	 1	 9
117	 0	 0	 0
292627	 0	 1	 20
179881	 1	 3	 9
36366	 0	 0	 1
36184	 0	 0	 4
226150	 0	 3	 13
154966	 0	 1	 5
