A	 C	 G	 T
3	 3	 0	 162235
0	 2	 0	 28846
7	 6	 0	 284594
3	 6	 0	 189515
10	 7	 0	 231382
0	 0	 0	 30370
12	 4	 0	 197636
3	 3	 0	 175458
12	 7	 0	 216775
0	 0	 0	 28195
7	 11	 0	 267859
4	 6	 0	 207751
6	 11	 0	 257562
1	 4	 0	 29307
5	 4	 0	 211713
3	 9	 0	 187271
4	 9	 0	 208795
0	 2	 0	 27544
7	 13	 0	 271543
4	 10	 0	 164238
1	 1	 0	 30266
0	 0	 0	 6561
5	 6	 0	 213164
2	 1	 0	 126399
4	 4	 0	 218103
0	 2	 0	 22064
3	 2	 0	 164464
4	 7	 0	 214814
0	 0	 0	 26198
0	 1	 0	 29469
3	 12	 0	 184023
3	 2	 0	 52827
6	 9	 0	 224813
0	 0	 0	 22765
3	 2	 0	 126963
4	 5	 0	 191575
0	 0	 0	 19464
1	 4	 0	 36936
1	 5	 0	 201377
4	 5	 0	 147311
5	 6	 0	 265163
0	 0	 0	 113
1	 12	 0	 268841
4	 9	 0	 166145
1	 0	 0	 33321
0	 1	 0	 32902
5	 12	 0	 208520
3	 8	 0	 141962
