A	 C	 G	 T
11	 52	 1	 170985
3	 9	 0	 30507
8	 88	 1	 300685
7	 64	 2	 200046
3	 88	 2	 243708
4	 9	 0	 32231
5	 74	 1	 208442
5	 49	 0	 184622
6	 88	 2	 228627
1	 11	 0	 29834
14	 90	 0	 282973
5	 46	 0	 218720
6	 81	 0	 271680
1	 10	 0	 31162
8	 50	 0	 223364
4	 56	 0	 198041
8	 57	 0	 220471
0	 11	 1	 29146
5	 77	 1	 286526
7	 49	 0	 173318
1	 11	 1	 32036
0	 1	 0	 6945
6	 60	 2	 224558
4	 49	 0	 133466
7	 69	 0	 230309
0	 13	 0	 23230
4	 54	 1	 174236
9	 64	 0	 227434
3	 8	 0	 27745
0	 5	 0	 31273
9	 73	 1	 194602
5	 19	 0	 55757
7	 75	 1	 237885
0	 12	 0	 24123
5	 40	 0	 133712
1	 68	 0	 202604
0	 8	 0	 20588
2	 12	 0	 39254
7	 61	 1	 212914
5	 46	 0	 155433
9	 100	 5	 280662
0	 0	 0	 115
5	 79	 3	 284485
8	 48	 0	 175310
3	 6	 0	 35276
0	 8	 0	 35047
8	 79	 2	 220241
4	 38	 0	 150968
