A	 C	 G	 T
172088	 0	 3	 3
30679	 0	 0	 0
302374	 1	 1	 5
201400	 1	 1	 4
245257	 0	 2	 2
32412	 0	 2	 0
209773	 0	 0	 2
185833	 0	 2	 5
230109	 1	 2	 2
29987	 0	 0	 0
285022	 0	 4	 5
220158	 0	 0	 3
273457	 0	 1	 6
31372	 0	 1	 1
224788	 0	 1	 3
199346	 0	 2	 4
222050	 1	 1	 3
29335	 0	 0	 0
288574	 1	 2	 3
174534	 1	 3	 3
32232	 0	 0	 1
6967	 0	 0	 0
225843	 1	 2	 1
134372	 0	 1	 1
231853	 2	 2	 3
23359	 0	 0	 0
175365	 0	 4	 2
228928	 0	 0	 1
27939	 0	 0	 0
31520	 0	 0	 0
195804	 1	 1	 3
56066	 0	 0	 1
239751	 0	 2	 3
24317	 0	 0	 0
134563	 1	 1	 2
203995	 0	 1	 4
20732	 0	 0	 0
39545	 1	 0	 0
214349	 0	 2	 4
156220	 1	 0	 2
282415	 1	 3	 2
118	 0	 0	 0
286537	 2	 1	 2
176107	 0	 2	 2
35519	 0	 1	 2
35341	 0	 0	 0
221631	 1	 0	 3
151928	 0	 2	 2
