A	 C	 G	 T
10	 2	 174750	 19
6	 1	 37486	 6
16	 1	 307051	 30
14	 1	 203339	 26
21	 0	 248552	 14
7	 0	 38641	 6
18	 5	 211003	 14
16	 1	 188791	 16
23	 1	 232603	 19
3	 1	 36898	 6
21	 6	 288798	 17
12	 1	 222639	 20
15	 2	 276686	 28
3	 0	 37135	 10
10	 0	 227598	 19
14	 1	 203078	 15
8	 5	 225225	 17
1	 0	 34352	 12
18	 4	 290364	 26
14	 0	 177135	 15
3	 0	 38021	 7
0	 0	 8400	 0
20	 2	 229485	 24
9	 3	 136308	 13
10	 3	 232799	 20
3	 0	 27978	 7
15	 0	 178103	 17
18	 4	 232399	 8
1	 0	 33284	 4
5	 1	 38050	 13
15	 2	 198699	 12
4	 0	 56941	 4
16	 2	 243387	 14
2	 0	 29923	 1
9	 0	 136309	 6
15	 1	 207184	 19
1	 0	 25571	 5
4	 2	 46436	 7
8	 5	 217881	 12
6	 2	 158028	 12
11	 1	 287371	 21
0	 0	 117	 0
23	 3	 296031	 28
10	 0	 179040	 12
2	 0	 41773	 8
4	 0	 41416	 5
16	 2	 225152	 19
5	 0	 154099	 17
