A	 C	 G	 T
0	 0	 13252	 5
0	 0	 3217	 1
0	 2	 51407	 10
1	 0	 24293	 5
0	 0	 39556	 12
0	 0	 5328	 0
1	 0	 34450	 4
0	 0	 22914	 4
0	 0	 35488	 6
0	 0	 2898	 0
0	 0	 52878	 7
0	 0	 40163	 13
1	 0	 32610	 7
1	 0	 5574	 1
0	 0	 41678	 9
0	 1	 29377	 5
1	 0	 26646	 5
0	 0	 3856	 3
0	 0	 56881	 7
0	 0	 29381	 6
0	 0	 4828	 0
0	 0	 817	 0
0	 0	 29077	 7
0	 0	 20150	 0
2	 0	 30993	 9
0	 0	 2761	 0
2	 0	 35040	 5
0	 0	 37821	 4
0	 0	 2920	 0
0	 0	 4375	 0
0	 0	 19918	 4
0	 0	 7767	 2
0	 0	 24683	 5
0	 0	 3585	 0
0	 0	 10612	 3
0	 0	 41450	 10
1	 0	 2103	 0
0	 0	 5650	 1
2	 0	 27240	 4
0	 0	 25212	 2
0	 0	 24165	 5
0	 0	 12	 0
0	 0	 60611	 16
0	 0	 32875	 3
0	 0	 4778	 0
0	 0	 4567	 1
0	 1	 36505	 5
0	 0	 24750	 2
