A	 C	 G	 T
19	 3	 118616	 10
2	 1	 21648	 1
28	 6	 208804	 6
21	 3	 139907	 13
22	 5	 174016	 8
3	 1	 22234	 1
18	 3	 151678	 8
20	 1	 130744	 6
10	 8	 161278	 7
2	 0	 20419	 2
27	 6	 200300	 5
13	 4	 155572	 5
24	 5	 190874	 5
2	 0	 21499	 1
21	 4	 158640	 9
16	 3	 138367	 5
21	 6	 153645	 6
2	 1	 20373	 2
35	 4	 201906	 9
9	 7	 123201	 11
2	 1	 22373	 2
2	 0	 4822	 0
22	 8	 163208	 11
11	 7	 94263	 6
25	 4	 161152	 8
5	 1	 16506	 0
19	 6	 120335	 6
12	 5	 156974	 6
2	 0	 18852	 3
1	 1	 21467	 0
17	 6	 134273	 11
2	 2	 39080	 5
24	 3	 163822	 11
2	 1	 16828	 0
9	 6	 92987	 2
25	 5	 142098	 8
3	 0	 14082	 0
2	 0	 26799	 1
27	 5	 147673	 10
9	 6	 110178	 11
26	 4	 191963	 7
0	 0	 77	 0
31	 8	 199503	 12
13	 2	 128318	 9
6	 0	 24582	 1
5	 0	 24111	 0
15	 5	 155626	 11
20	 5	 97529	 6
