A	 C	 G	 T
19	 177698	 0	 2398
6	 31825	 0	 141
35	 311548	 2	 2544
20	 207687	 2	 2149
29	 252745	 2	 2866
7	 33457	 0	 111
17	 216301	 1	 4293
26	 191973	 0	 1874
40	 237766	 0	 1206
6	 30974	 0	 57
53	 294111	 0	 3279
20	 226395	 1	 2614
29	 281837	 0	 2873
10	 32499	 0	 77
32	 231479	 0	 2291
26	 205905	 0	 2316
24	 229169	 0	 2268
10	 30283	 0	 84
34	 298015	 1	 4310
23	 180058	 2	 1745
12	 33263	 1	 152
0	 7224	 0	 73
22	 233158	 0	 3441
12	 138460	 0	 2033
30	 239247	 0	 2972
7	 24175	 1	 69
12	 180595	 0	 2864
32	 236271	 1	 2806
8	 28922	 0	 116
6	 32687	 0	 130
26	 202324	 0	 1985
9	 57985	 0	 2900
17	 247827	 0	 2482
4	 25163	 1	 114
14	 138688	 0	 2431
20	 210461	 0	 2240
3	 21514	 0	 120
8	 40937	 0	 113
34	 220974	 0	 1357
31	 160955	 1	 1397
31	 291630	 0	 527
0	 121	 0	 4
38	 295795	 1	 1654
16	 181982	 1	 1187
10	 36737	 2	 84
10	 36573	 1	 88
43	 228594	 1	 1738
27	 156795	 0	 1752
