A	 C	 G	 T
4	 170900	 0	 6
2	 30400	 0	 1
7	 298819	 0	 7
9	 199754	 0	 2
7	 243136	 0	 5
1	 31966	 0	 2
6	 207405	 0	 5
7	 184446	 0	 4
10	 228226	 0	 0
3	 29745	 0	 3
17	 282138	 0	 6
13	 218106	 0	 8
6	 271178	 0	 4
3	 30943	 0	 2
9	 222868	 0	 2
6	 197542	 0	 7
11	 220399	 0	 5
3	 29026	 0	 0
12	 285656	 0	 7
8	 172928	 0	 5
4	 31873	 0	 2
0	 6901	 0	 0
5	 223775	 0	 4
13	 132913	 0	 4
8	 229872	 0	 9
1	 23059	 0	 1
5	 173054	 0	 5
5	 226717	 0	 8
3	 27706	 0	 4
1	 31144	 0	 2
8	 194435	 0	 7
0	 55613	 0	 0
16	 237607	 0	 9
3	 24030	 0	 5
1	 133504	 0	 0
4	 201779	 0	 8
1	 20527	 0	 1
5	 39210	 0	 1
13	 212641	 0	 3
9	 154777	 0	 5
7	 280222	 0	 9
0	 115	 0	 0
17	 283152	 0	 10
9	 173827	 0	 4
3	 35145	 0	 1
4	 34773	 0	 2
11	 219535	 0	 6
5	 149980	 0	 4
