A	 C	 G	 T
180990	 402	 7	 940
38306	 115	 6	 185
315109	 699	 19	 1616
208732	 454	 20	 1080
256115	 608	 26	 1298
39402	 96	 3	 203
218059	 421	 15	 1078
194320	 413	 12	 1007
235172	 463	 9	 1121
37491	 111	 5	 164
298015	 692	 20	 1489
229259	 490	 20	 1176
285242	 636	 24	 1434
37838	 94	 4	 191
234354	 510	 19	 1236
209480	 448	 17	 1105
231628	 496	 21	 1141
34918	 74	 3	 163
301047	 579	 29	 1563
182298	 422	 14	 915
38832	 91	 5	 187
8618	 18	 1	 34
237864	 508	 20	 1263
141397	 331	 11	 715
240725	 568	 13	 1128
28541	 76	 3	 142
184751	 411	 19	 959
240406	 519	 18	 1273
33918	 92	 1	 172
38701	 92	 7	 216
204232	 472	 17	 1083
62198	 135	 1	 303
250213	 538	 16	 1251
30562	 66	 3	 151
142015	 340	 8	 773
213614	 492	 13	 1123
26141	 61	 1	 119
47333	 126	 7	 224
222902	 500	 10	 1133
162662	 420	 13	 891
292389	 642	 23	 1455
123	 1	 0	 1
303011	 717	 21	 1552
183347	 429	 20	 941
41917	 81	 11	 193
42210	 121	 3	 227
231248	 487	 21	 1170
159174	 369	 9	 870
