A	 C	 G	 T
3	 3	 1	 172818
2	 6	 1	 37196
11	 11	 4	 303944
1	 4	 1	 200567
4	 13	 4	 246508
0	 6	 0	 38321
3	 12	 2	 208007
5	 14	 3	 186723
3	 10	 3	 228893
0	 4	 1	 36579
11	 15	 1	 285698
1	 9	 1	 219700
1	 21	 1	 274102
1	 3	 0	 36777
7	 11	 1	 225352
4	 7	 2	 200989
6	 8	 1	 223088
1	 5	 0	 34047
7	 12	 4	 288100
2	 4	 1	 175238
3	 5	 0	 37638
0	 1	 0	 8339
3	 12	 0	 226999
2	 5	 0	 134995
6	 13	 1	 230402
2	 2	 0	 27696
3	 9	 1	 176363
2	 11	 3	 229972
0	 1	 0	 33076
1	 4	 0	 37558
7	 8	 3	 196459
0	 0	 0	 56411
3	 9	 1	 240859
2	 1	 0	 29620
0	 6	 2	 135110
2	 5	 2	 205106
1	 0	 0	 25202
1	 1	 1	 46081
7	 13	 1	 215719
4	 13	 0	 156367
4	 10	 0	 284840
0	 0	 0	 116
6	 9	 1	 292983
3	 5	 1	 177105
0	 10	 0	 41116
1	 5	 0	 40944
2	 10	 1	 223002
3	 3	 2	 152455
