A	 C	 G	 T
175981	 0	 8	 4
31490	 2	 0	 1
308457	 2	 19	 6
205552	 3	 7	 6
250223	 2	 10	 7
33149	 2	 0	 1
214072	 2	 7	 6
189915	 0	 9	 3
235337	 4	 10	 4
30696	 0	 0	 2
290832	 4	 10	 5
224258	 2	 10	 6
279046	 2	 13	 8
32161	 0	 1	 0
229273	 2	 4	 5
203760	 0	 15	 5
226899	 1	 13	 3
30021	 1	 5	 3
294823	 3	 12	 5
178181	 0	 8	 2
32955	 1	 0	 2
7137	 0	 1	 0
230859	 1	 4	 5
137054	 1	 8	 4
236896	 3	 17	 7
23949	 0	 0	 0
178872	 1	 4	 8
233895	 2	 10	 6
28647	 1	 1	 3
32351	 1	 0	 1
200269	 3	 15	 6
57202	 0	 2	 2
245294	 4	 8	 10
24906	 0	 2	 2
137402	 1	 9	 4
208271	 2	 10	 6
21273	 0	 1	 0
40573	 0	 1	 1
218915	 2	 13	 4
159265	 2	 7	 3
288758	 4	 17	 9
118	 0	 0	 0
292824	 3	 12	 6
180004	 1	 11	 2
36411	 0	 2	 2
36201	 2	 1	 0
226293	 1	 11	 5
155038	 2	 6	 4
