A	 C	 G	 T
169185	 0	 11	 1
36306	 0	 12	 1
297357	 2	 27	 3
195744	 0	 14	 1
240756	 0	 21	 1
37421	 0	 8	 0
201637	 0	 18	 1
182605	 0	 16	 1
223171	 0	 21	 3
35722	 0	 6	 1
279070	 3	 25	 1
215956	 1	 25	 1
267990	 0	 19	 1
35797	 0	 10	 0
220654	 0	 15	 1
196457	 2	 21	 2
217741	 0	 19	 1
33178	 0	 10	 0
281054	 0	 27	 3
171370	 1	 18	 0
36835	 0	 7	 0
8136	 0	 2	 0
221977	 0	 16	 1
132173	 0	 7	 1
225162	 1	 18	 4
27021	 1	 6	 0
172613	 0	 14	 3
224699	 1	 25	 3
32318	 0	 3	 0
36651	 0	 6	 1
191752	 1	 16	 2
55297	 0	 2	 0
234854	 1	 16	 2
28850	 1	 5	 0
132399	 0	 18	 1
200334	 0	 17	 1
24678	 0	 3	 1
44778	 0	 7	 0
210851	 1	 10	 0
153482	 3	 11	 1
278012	 0	 28	 3
117	 0	 0	 0
286558	 1	 28	 0
172979	 1	 9	 1
39878	 0	 9	 0
39990	 0	 4	 0
218023	 1	 25	 1
149198	 0	 20	 1
