A	 C	 G	 T
6	 4	 172611	 7
2	 1	 30781	 0
10	 4	 303318	 5
14	 3	 201914	 10
11	 3	 245915	 8
4	 0	 32475	 1
5	 2	 210293	 10
9	 3	 186414	 8
11	 8	 230720	 10
2	 0	 30078	 1
9	 4	 285727	 13
1	 5	 220690	 8
15	 7	 274161	 9
4	 1	 31446	 2
6	 4	 225425	 15
9	 6	 199898	 5
13	 3	 222618	 4
1	 0	 29402	 0
15	 3	 289231	 42
4	 2	 175009	 4
0	 1	 32320	 0
0	 0	 6992	 0
17	 4	 226630	 9
13	 2	 134701	 1
6	 4	 232542	 9
2	 0	 23441	 0
9	 1	 175810	 4
7	 7	 229532	 6
3	 1	 28021	 0
1	 0	 31600	 1
14	 4	 196493	 7
3	 1	 56214	 8
6	 2	 240266	 8
2	 1	 24379	 0
7	 2	 134918	 3
7	 3	 204569	 5
1	 1	 20787	 0
0	 1	 39634	 2
3	 4	 214939	 6
9	 4	 156635	 5
6	 4	 283298	 8
0	 0	 118	 0
15	 10	 287161	 14
6	 3	 176774	 6
5	 1	 35617	 0
3	 1	 35406	 1
11	 6	 222305	 6
10	 1	 152298	 15
