A	 C	 G	 T
64615	 0	 4	 2
12379	 0	 1	 0
123084	 1	 3	 5
80972	 2	 2	 1
100478	 0	 2	 1
14227	 1	 0	 0
89691	 0	 3	 2
70081	 0	 2	 0
94410	 3	 1	 3
11895	 0	 2	 0
118991	 2	 3	 0
92117	 2	 4	 1
108729	 5	 6	 1
12969	 1	 3	 0
92023	 2	 0	 1
80891	 1	 2	 2
85417	 0	 4	 0
12302	 0	 2	 0
119549	 3	 4	 3
72195	 1	 2	 2
13993	 0	 2	 2
2756	 0	 0	 0
94309	 0	 2	 4
58607	 0	 0	 1
97765	 0	 3	 1
8247	 0	 1	 1
74648	 0	 3	 0
94853	 1	 2	 2
10498	 0	 2	 0
13030	 0	 2	 1
72381	 1	 3	 0
23064	 0	 1	 0
107722	 2	 2	 4
9766	 1	 0	 1
52287	 1	 0	 2
81114	 0	 2	 2
8207	 0	 2	 0
15778	 0	 1	 1
85348	 3	 4	 2
68310	 0	 1	 0
108784	 3	 3	 0
57	 0	 0	 0
119871	 2	 6	 4
71515	 1	 2	 1
14492	 1	 0	 1
14199	 0	 0	 1
89882	 0	 2	 2
59473	 3	 1	 3
