A	 C	 G	 T
997	 178	 124972	 20
70	 43	 22224	 1
1103	 321	 225227	 33
942	 239	 146168	 13
1352	 268	 181565	 24
59	 20	 23884	 3
1808	 212	 157277	 40
814	 208	 136501	 28
647	 231	 168305	 25
51	 40	 21369	 1
1456	 305	 210135	 36
1105	 220	 163536	 20
1386	 252	 199874	 30
69	 43	 22541	 1
1032	 226	 164937	 34
938	 222	 146220	 19
925	 219	 160765	 17
63	 34	 21480	 0
1971	 292	 213509	 32
754	 179	 128406	 14
99	 39	 23594	 2
30	 9	 5156	 0
1392	 212	 167323	 24
848	 133	 100503	 18
1414	 225	 169927	 24
37	 34	 16451	 4
1119	 207	 130081	 17
1131	 244	 166701	 26
71	 38	 19874	 3
64	 41	 22998	 4
872	 217	 140234	 15
1106	 64	 43194	 9
1086	 258	 177983	 31
49	 19	 17532	 1
1077	 140	 98318	 14
956	 215	 149081	 24
66	 19	 15103	 1
66	 47	 28109	 4
641	 218	 154153	 20
653	 195	 115927	 16
355	 299	 200424	 20
0	 0	 88	 0
832	 307	 209801	 35
525	 185	 127863	 26
63	 53	 25585	 4
66	 39	 25452	 4
920	 235	 161838	 36
784	 152	 111296	 14
