A	 C	 G	 T
2	 3	 0	 168884
1	 2	 0	 36108
10	 10	 0	 296886
5	 9	 2	 195286
3	 9	 0	 240282
1	 0	 0	 37285
4	 6	 1	 200497
6	 6	 1	 182345
2	 6	 0	 221555
2	 2	 0	 35515
6	 13	 0	 278975
4	 5	 0	 215193
7	 10	 1	 267686
0	 3	 0	 35708
4	 6	 0	 220343
2	 6	 1	 196483
2	 6	 0	 217468
1	 1	 0	 32912
7	 8	 0	 280548
3	 7	 0	 171091
2	 1	 0	 36709
0	 0	 0	 8097
2	 9	 1	 221603
1	 4	 1	 131939
5	 10	 0	 224896
0	 1	 0	 26893
2	 9	 0	 172268
4	 5	 2	 224793
0	 1	 0	 32122
1	 3	 0	 36560
6	 8	 0	 191652
0	 2	 0	 55118
5	 9	 1	 235010
0	 0	 0	 28774
4	 5	 0	 131883
10	 11	 0	 200357
0	 0	 0	 24607
1	 3	 0	 44599
3	 14	 0	 210758
2	 8	 0	 153168
6	 8	 1	 277748
0	 0	 0	 115
13	 7	 0	 286183
5	 8	 2	 173046
0	 5	 0	 39395
1	 2	 0	 39854
5	 7	 0	 217896
7	 1	 1	 149061
