A	 C	 G	 T
113597	 0	 8	 0
22720	 0	 0	 0
202283	 0	 5	 3
139543	 0	 2	 1
174407	 0	 3	 0
23528	 0	 0	 0
154693	 0	 2	 1
129307	 0	 3	 1
162515	 0	 4	 1
19827	 0	 0	 0
201749	 0	 2	 1
155983	 0	 2	 1
189108	 0	 6	 0
22595	 0	 0	 0
158760	 0	 4	 0
142364	 0	 2	 1
147231	 0	 4	 0
21310	 0	 0	 0
199908	 0	 3	 0
124057	 0	 0	 1
23484	 0	 0	 0
4908	 0	 0	 0
161440	 0	 2	 0
98745	 0	 2	 1
170195	 0	 7	 0
16892	 0	 1	 0
126069	 0	 5	 0
158786	 0	 5	 0
17579	 0	 0	 0
22059	 0	 1	 0
125256	 0	 2	 0
38943	 0	 0	 0
151225	 0	 1	 1
17200	 0	 0	 0
88922	 0	 1	 0
128218	 0	 1	 1
14264	 0	 1	 0
26445	 0	 1	 0
144289	 0	 1	 0
114028	 0	 4	 1
177329	 0	 5	 2
80	 0	 0	 0
201578	 0	 4	 2
115416	 0	 0	 0
24838	 0	 0	 0
25093	 0	 0	 0
155821	 0	 3	 0
87320	 0	 2	 0
