A	 C	 G	 T
0	 0	 0	 16893
0	 0	 0	 11730
0	 1	 0	 73682
0	 0	 0	 57660
0	 1	 0	 102433
0	 1	 0	 15140
0	 0	 0	 98742
0	 1	 0	 58205
0	 0	 0	 77699
0	 1	 0	 6013
0	 2	 0	 125594
1	 1	 0	 92604
0	 2	 0	 87248
0	 1	 0	 14206
0	 0	 0	 92003
1	 1	 0	 84699
0	 0	 0	 42743
0	 1	 0	 12574
0	 1	 0	 123340
0	 3	 0	 73203
0	 0	 0	 14641
0	 0	 0	 2719
0	 1	 0	 83526
0	 0	 0	 62706
0	 0	 0	 93659
0	 1	 0	 9456
0	 2	 0	 71347
0	 1	 0	 82226
0	 0	 0	 4366
0	 0	 0	 13110
0	 0	 0	 18874
0	 0	 0	 19621
2	 2	 0	 62835
0	 1	 0	 10377
0	 0	 0	 21707
2	 0	 0	 96431
0	 0	 0	 6821
0	 0	 0	 13222
1	 0	 0	 60715
1	 0	 0	 67004
0	 0	 0	 33577
0	 0	 0	 43
0	 4	 0	 123934
0	 0	 0	 42615
0	 0	 0	 12208
0	 1	 0	 15287
1	 0	 0	 82392
0	 0	 0	 18230
