A	 C	 G	 T
8	 174288	 1	 6
1	 31153	 0	 0
15	 305392	 3	 12
8	 203513	 1	 13
6	 247994	 1	 8
4	 32771	 0	 5
5	 212025	 0	 8
10	 188144	 1	 5
4	 233201	 3	 10
3	 30367	 1	 1
24	 287943	 0	 9
9	 222408	 2	 5
12	 276454	 2	 7
5	 31783	 0	 0
11	 227146	 5	 4
10	 201646	 3	 3
6	 224468	 1	 6
4	 29725	 0	 1
14	 292050	 4	 16
5	 176472	 0	 6
3	 32648	 0	 3
0	 7063	 0	 2
7	 228611	 2	 5
2	 135704	 2	 6
10	 234737	 4	 9
3	 23710	 1	 3
2	 177114	 0	 6
12	 231374	 0	 9
2	 28366	 0	 0
5	 31950	 1	 1
7	 198032	 1	 7
1	 56644	 1	 1
6	 243178	 2	 10
0	 24619	 0	 3
1	 136033	 3	 4
16	 206088	 1	 7
2	 21023	 0	 3
8	 40055	 0	 2
6	 216558	 3	 6
6	 157992	 0	 11
6	 285435	 4	 16
0	 118	 0	 0
12	 289821	 2	 13
13	 178192	 1	 8
3	 36030	 1	 1
4	 35745	 0	 0
5	 224009	 4	 11
4	 153409	 1	 6
