A	 C	 G	 T
17	 3	 172576	 10
5	 0	 37074	 2
32	 5	 304019	 13
27	 3	 200554	 6
23	 2	 246311	 7
6	 0	 38250	 4
24	 5	 207337	 3
13	 2	 186888	 8
16	 3	 228474	 7
1	 0	 36631	 4
12	 4	 285960	 11
17	 5	 219263	 8
25	 9	 274291	 14
5	 0	 36816	 3
26	 2	 225574	 5
16	 2	 201129	 14
23	 0	 223208	 12
2	 0	 34050	 8
29	 4	 287741	 24
27	 2	 174882	 5
1	 1	 37704	 7
0	 0	 8341	 1
16	 3	 227167	 5
13	 3	 135124	 13
21	 2	 230595	 9
6	 0	 27716	 5
11	 2	 176515	 12
16	 2	 230179	 3
4	 0	 33063	 1
3	 0	 37672	 4
19	 4	 196640	 12
5	 0	 56444	 3
19	 3	 241063	 14
4	 0	 29633	 1
13	 3	 135164	 3
14	 5	 204669	 9
4	 0	 25138	 2
6	 0	 46021	 6
17	 3	 215926	 11
19	 3	 156211	 7
23	 3	 284573	 13
0	 0	 116	 0
27	 5	 293199	 9
20	 3	 177263	 5
6	 1	 41013	 9
4	 1	 41008	 2
15	 4	 223093	 9
8	 1	 152291	 9
