A	 C	 G	 T
0	 2	 167093	 6
2	 1	 35822	 0
6	 4	 293668	 5
1	 3	 193319	 7
4	 0	 237624	 1
1	 1	 37021	 1
2	 0	 198527	 3
2	 1	 180321	 6
1	 1	 219401	 4
1	 0	 35212	 1
4	 1	 275505	 9
6	 0	 213058	 5
3	 2	 264527	 3
0	 0	 35291	 5
1	 1	 217929	 3
7	 3	 194179	 6
2	 1	 214952	 4
2	 1	 32760	 2
2	 4	 277454	 6
3	 1	 169317	 5
2	 0	 36378	 5
1	 0	 8031	 1
2	 4	 219294	 5
1	 1	 130705	 5
4	 3	 222409	 5
0	 0	 26782	 0
3	 1	 170424	 2
2	 3	 222137	 7
1	 1	 31850	 1
1	 1	 36048	 1
3	 2	 189178	 4
0	 1	 54547	 3
6	 1	 232081	 4
1	 2	 28431	 2
1	 2	 130858	 4
4	 5	 197911	 7
2	 0	 24349	 0
1	 1	 44140	 2
2	 3	 208213	 4
0	 0	 151648	 1
3	 3	 274407	 10
0	 0	 111	 0
2	 4	 282949	 4
0	 0	 170724	 1
0	 2	 39174	 1
1	 0	 39405	 1
2	 1	 215332	 4
1	 1	 147304	 1
