A	 C	 G	 T
21	 21	 1286	 181496
5	 7	 264	 38378
40	 47	 2261	 316074
15	 26	 1462	 210304
35	 43	 1787	 257166
9	 9	 273	 39472
23	 28	 1513	 221128
19	 22	 1408	 195090
25	 43	 1557	 238616
4	 5	 234	 37614
25	 55	 2027	 299376
27	 27	 1596	 230188
29	 47	 1948	 286220
5	 4	 256	 37985
21	 39	 1627	 235073
29	 24	 1450	 210308
23	 29	 1584	 232642
4	 4	 232	 35044
32	 47	 2155	 302170
16	 18	 1232	 183071
2	 9	 268	 38927
1	 3	 50	 8650
20	 25	 1738	 238646
17	 26	 960	 141650
24	 39	 1574	 241482
4	 7	 208	 28566
23	 28	 1293	 185449
23	 49	 1730	 241133
4	 6	 233	 34010
7	 8	 288	 38910
17	 27	 1482	 205294
4	 8	 411	 62373
27	 33	 1683	 251281
6	 6	 217	 30650
21	 26	 1032	 142361
28	 30	 1512	 214392
2	 5	 177	 26222
4	 5	 317	 47508
28	 24	 1527	 223658
21	 22	 1191	 163095
30	 34	 1997	 293543
0	 0	 1	 126
30	 30	 2095	 304160
26	 32	 1265	 184141
8	 10	 290	 42673
7	 8	 313	 42377
33	 30	 1581	 231988
21	 26	 1135	 159813
