A	 C	 G	 T
3	 5	 172831	 4
1	 1	 37083	 5
10	 3	 303402	 6
6	 4	 201023	 14
9	 3	 245768	 4
1	 1	 38243	 1
3	 4	 208363	 4
3	 5	 186430	 3
2	 7	 230123	 10
1	 1	 36466	 1
6	 7	 285168	 11
8	 6	 220315	 3
5	 8	 273460	 12
0	 0	 36708	 5
5	 5	 225009	 6
5	 0	 200539	 5
4	 4	 222506	 9
1	 0	 33949	 6
4	 12	 286973	 14
4	 3	 175004	 4
0	 2	 37596	 0
0	 0	 8301	 0
10	 2	 226644	 7
3	 2	 134815	 5
11	 2	 229937	 7
4	 0	 27598	 5
4	 2	 176091	 5
4	 7	 229488	 5
3	 1	 32948	 3
1	 0	 37637	 3
3	 4	 196206	 4
2	 1	 56317	 3
2	 4	 240452	 8
1	 0	 29554	 2
2	 1	 134690	 0
4	 3	 204642	 14
2	 1	 25268	 2
3	 1	 45853	 5
4	 8	 215321	 4
4	 2	 156215	 11
4	 3	 283876	 8
0	 0	 116	 0
14	 3	 292397	 7
9	 1	 176766	 8
3	 1	 41318	 7
2	 1	 40913	 4
4	 6	 222481	 8
3	 3	 152307	 3
