A	 C	 G	 T
373	 0	 0	 0
330	 0	 0	 0
3320	 0	 0	 0
1152	 0	 0	 0
4561	 0	 0	 0
387	 0	 0	 0
3017	 0	 0	 0
2254	 0	 0	 0
2324	 0	 0	 0
132	 0	 0	 0
6366	 0	 0	 0
4183	 0	 0	 0
2841	 0	 0	 0
573	 0	 0	 0
4506	 0	 0	 0
2840	 0	 0	 0
1269	 0	 0	 0
370	 0	 0	 0
6384	 0	 0	 0
3110	 0	 0	 0
352	 0	 0	 0
100	 0	 0	 0
1367	 0	 0	 0
1778	 0	 0	 0
3527	 0	 0	 0
281	 0	 0	 0
2431	 0	 0	 0
3945	 0	 0	 0
152	 0	 0	 0
492	 0	 0	 0
549	 0	 0	 0
624	 0	 0	 0
1665	 0	 0	 0
443	 0	 0	 0
558	 0	 0	 0
4635	 0	 0	 0
149	 0	 0	 0
482	 0	 0	 0
1988	 0	 0	 0
1655	 0	 0	 0
671	 0	 0	 0
5	 0	 0	 0
7036	 0	 0	 0
2640	 0	 0	 0
345	 0	 0	 0
598	 0	 0	 0
3425	 0	 0	 0
604	 0	 0	 0
