A	 C	 G	 T
55	 8	 125945	 4
14	 0	 22275	 0
116	 16	 226289	 2
69	 9	 147033	 2
86	 14	 182833	 4
10	 0	 23922	 0
57	 11	 159069	 8
78	 7	 137321	 4
73	 12	 168929	 0
17	 2	 21371	 0
102	 13	 211624	 9
69	 16	 164510	 4
104	 9	 201201	 3
7	 0	 22639	 0
87	 12	 165931	 7
74	 14	 147227	 2
73	 6	 161660	 3
19	 1	 21520	 1
115	 16	 215434	 13
54	 7	 129143	 3
16	 1	 23708	 0
3	 0	 5179	 0
84	 12	 168646	 3
55	 7	 101330	 1
101	 10	 171283	 7
7	 0	 16475	 2
63	 11	 131201	 3
84	 7	 167881	 5
11	 1	 19929	 0
10	 1	 23053	 0
69	 14	 141063	 1
31	 3	 44247	 4
70	 15	 179008	 3
8	 0	 17577	 0
53	 3	 99292	 2
62	 20	 150004	 2
14	 0	 15171	 0
14	 1	 28184	 0
58	 11	 154837	 1
59	 8	 116478	 3
86	 11	 200825	 3
0	 0	 88	 0
101	 25	 210560	 5
60	 13	 128417	 2
10	 1	 25666	 1
10	 1	 25530	 1
69	 9	 162760	 7
59	 15	 112052	 3
