A	 C	 G	 T
7	 2	 173339	 18
1	 0	 37182	 6
14	 10	 304307	 15
9	 4	 201628	 28
18	 4	 246367	 23
2	 0	 38342	 10
14	 7	 209169	 13
11	 5	 187050	 12
11	 3	 230901	 12
0	 1	 36579	 8
12	 9	 286047	 10
9	 4	 220922	 8
17	 8	 274219	 16
4	 0	 36807	 7
11	 1	 225591	 15
12	 5	 201120	 9
12	 2	 223149	 9
1	 1	 34038	 2
10	 12	 287796	 21
10	 7	 175504	 14
1	 0	 37699	 5
0	 0	 8324	 1
9	 9	 227349	 6
8	 4	 135181	 16
11	 5	 230577	 12
2	 1	 27684	 7
11	 5	 176555	 9
10	 2	 230183	 5
3	 0	 33032	 3
2	 1	 37755	 5
5	 11	 196786	 11
4	 4	 56474	 2
11	 7	 241109	 8
3	 1	 29621	 3
5	 4	 135038	 3
14	 4	 205238	 13
0	 0	 25341	 4
3	 1	 46026	 6
17	 3	 215903	 13
9	 2	 156638	 5
13	 2	 284699	 16
0	 0	 116	 0
7	 3	 293312	 18
5	 2	 177298	 10
1	 0	 41479	 5
1	 1	 41032	 10
8	 5	 223147	 16
7	 4	 152700	 11
