A	 C	 G	 T
7	 3	 36751	 14
2	 0	 6319	 2
7	 8	 85750	 15
9	 12	 49734	 14
9	 6	 55185	 7
4	 1	 6142	 1
11	 6	 47502	 10
9	 3	 41875	 14
7	 6	 52297	 8
2	 1	 8681	 2
16	 7	 66412	 19
4	 7	 57208	 12
12	 4	 64717	 8
1	 1	 7181	 1
9	 5	 52993	 11
4	 5	 47426	 8
7	 1	 50390	 17
0	 2	 6595	 1
15	 11	 69510	 20
5	 7	 40987	 17
0	 1	 7979	 0
0	 2	 1689	 1
15	 6	 73562	 11
6	 3	 35960	 10
8	 5	 52525	 13
2	 0	 4900	 0
3	 4	 43265	 6
12	 12	 62929	 13
3	 2	 7944	 1
2	 0	 8006	 1
8	 3	 47971	 6
1	 0	 13294	 10
7	 7	 58694	 9
0	 1	 5363	 2
8	 5	 32560	 5
10	 7	 49969	 9
0	 1	 5239	 1
0	 0	 11053	 3
11	 4	 60657	 5
8	 1	 39204	 13
10	 5	 92817	 11
0	 0	 25	 0
15	 8	 67325	 16
10	 5	 42109	 9
2	 0	 8026	 4
2	 1	 8650	 1
9	 8	 53238	 17
4	 3	 35778	 7
