A	 C	 G	 T
4	 170751	 3	 12
3	 36596	 0	 6
29	 300229	 4	 9
11	 198388	 1	 17
9	 243019	 3	 19
2	 37771	 1	 2
5	 205118	 1	 15
5	 184417	 3	 7
11	 226455	 1	 24
2	 35965	 0	 6
17	 282044	 7	 33
9	 218064	 2	 13
14	 270520	 5	 20
0	 36104	 1	 6
11	 222779	 3	 22
11	 198319	 0	 15
8	 220058	 5	 15
0	 33510	 0	 6
21	 283791	 3	 29
8	 173131	 0	 17
3	 37060	 1	 6
0	 8207	 0	 0
10	 224255	 4	 27
10	 133324	 3	 8
10	 227291	 1	 21
1	 27304	 0	 3
10	 174173	 1	 17
12	 226958	 1	 20
1	 32581	 0	 7
5	 36872	 1	 7
9	 193814	 3	 20
7	 55738	 2	 7
10	 237420	 2	 21
2	 29218	 1	 2
4	 133540	 2	 10
14	 202453	 3	 14
1	 24928	 0	 1
2	 45153	 1	 4
13	 212960	 2	 12
5	 154879	 0	 15
13	 280687	 6	 22
0	 116	 0	 0
10	 289108	 3	 18
5	 174803	 3	 20
5	 40493	 0	 5
2	 40346	 0	 3
14	 220263	 7	 12
6	 150657	 2	 13
