A	 C	 G	 T
170012	 0	 8	 4
36326	 1	 1	 2
298818	 0	 3	 9
197038	 0	 5	 6
241780	 3	 6	 3
37507	 0	 3	 1
202327	 3	 7	 7
183533	 0	 12	 8
223809	 1	 5	 2
35714	 0	 2	 0
280976	 0	 10	 4
216533	 1	 2	 8
269344	 1	 2	 4
35930	 0	 3	 0
221674	 1	 7	 5
197768	 0	 2	 1
218964	 0	 8	 1
33183	 0	 1	 0
282342	 0	 5	 11
172314	 0	 6	 7
36894	 1	 4	 2
8146	 0	 1	 0
223169	 2	 2	 4
132829	 0	 3	 1
226464	 0	 3	 2
27077	 1	 0	 1
173386	 1	 6	 0
226327	 0	 4	 8
32303	 0	 1	 1
36807	 0	 1	 0
193024	 0	 4	 0
55436	 0	 4	 0
236577	 0	 5	 7
28949	 0	 2	 2
132859	 0	 5	 0
201665	 0	 3	 2
24787	 0	 0	 0
44875	 0	 3	 1
212175	 0	 11	 2
154139	 1	 2	 0
279603	 0	 8	 2
115	 0	 0	 0
288191	 0	 5	 4
174266	 0	 6	 2
39723	 0	 0	 1
40092	 0	 5	 1
219294	 0	 3	 1
150160	 0	 3	 2
