A	 C	 G	 T
5	 2	 173459	 24
1	 2	 37255	 17
17	 3	 305042	 22
3	 5	 201896	 33
9	 7	 246941	 33
3	 0	 38396	 21
4	 1	 209586	 16
8	 2	 187461	 19
6	 11	 231012	 30
4	 3	 36631	 19
13	 4	 286393	 48
5	 4	 221349	 30
7	 1	 274648	 35
1	 0	 36841	 24
6	 8	 226058	 30
3	 4	 201578	 21
6	 5	 223466	 29
1	 2	 34145	 13
6	 5	 288387	 57
3	 4	 175953	 18
1	 1	 37736	 19
1	 0	 8362	 0
5	 4	 227901	 18
6	 1	 135456	 18
5	 5	 230946	 34
0	 1	 27744	 9
4	 3	 176871	 25
9	 2	 230718	 26
2	 0	 33102	 17
1	 0	 37740	 11
3	 1	 197066	 34
1	 0	 56534	 7
9	 5	 241302	 28
1	 0	 29728	 10
7	 8	 135462	 15
4	 3	 205631	 30
1	 0	 25345	 6
4	 3	 46065	 43
2	 3	 216446	 29
2	 4	 157072	 17
11	 8	 285283	 32
0	 0	 116	 0
12	 5	 293832	 47
6	 3	 177596	 18
1	 2	 41436	 23
2	 3	 41001	 14
6	 4	 223573	 24
8	 4	 152930	 25
