A	 C	 G	 T
14	 172512	 5	 6
2	 37013	 1	 0
20	 303420	 2	 11
14	 200661	 0	 4
13	 245783	 6	 17
1	 38188	 1	 1
12	 207406	 2	 7
13	 186526	 1	 8
19	 228954	 4	 12
0	 36488	 2	 2
14	 285349	 9	 8
11	 219296	 3	 10
15	 273682	 5	 9
3	 36748	 0	 2
10	 225121	 3	 8
15	 200724	 2	 8
20	 222697	 1	 4
2	 33956	 1	 0
25	 287185	 5	 15
15	 174606	 4	 11
2	 37589	 1	 2
1	 8311	 0	 1
13	 226757	 2	 16
7	 134910	 0	 2
27	 230093	 3	 10
4	 27612	 0	 0
14	 176165	 2	 5
23	 229684	 2	 14
3	 33003	 1	 2
1	 37675	 0	 3
13	 196324	 2	 2
11	 56326	 1	 2
16	 240635	 4	 16
3	 29582	 0	 1
8	 134836	 3	 6
14	 204289	 5	 9
2	 25119	 1	 5
5	 45913	 1	 1
15	 215497	 7	 7
13	 155990	 0	 14
26	 283992	 2	 11
0	 116	 0	 0
17	 292584	 1	 11
11	 176922	 2	 4
2	 41147	 0	 1
4	 40923	 1	 4
15	 222668	 5	 10
9	 152120	 3	 6
