A	 C	 G	 T
11	 169876	 2	 1
4	 36286	 0	 1
9	 298644	 0	 6
10	 196877	 1	 2
7	 241748	 2	 1
0	 37509	 0	 2
11	 202678	 1	 1
10	 183436	 1	 2
6	 224023	 3	 2
0	 35697	 0	 1
22	 280801	 1	 4
8	 216456	 6	 2
13	 269257	 1	 3
2	 35922	 2	 1
8	 221534	 3	 1
8	 197631	 3	 4
17	 218855	 3	 2
1	 33190	 1	 0
19	 282213	 2	 3
8	 172188	 2	 1
0	 36895	 0	 2
0	 8139	 0	 0
15	 223042	 0	 7
7	 132723	 1	 1
11	 226308	 2	 1
0	 27068	 1	 1
10	 173317	 1	 2
5	 226157	 3	 3
2	 32278	 1	 1
2	 36782	 0	 2
9	 192875	 3	 3
4	 55406	 0	 0
17	 236393	 1	 3
1	 28969	 0	 0
4	 132728	 0	 1
12	 201524	 3	 4
1	 24760	 0	 1
1	 44873	 1	 4
18	 212028	 1	 2
9	 154040	 1	 2
16	 279430	 4	 5
0	 115	 0	 0
14	 288027	 1	 5
4	 174171	 1	 3
1	 39803	 0	 1
1	 40083	 0	 0
14	 219139	 1	 6
4	 150004	 0	 0
