A	 C	 G	 T
1	 0	 790	 0
1	 1	 988	 0
0	 1	 4586	 3
1	 0	 2790	 1
1	 0	 9813	 1
0	 0	 1333	 0
0	 0	 10594	 1
0	 0	 4103	 0
1	 0	 4395	 0
0	 0	 311	 0
2	 1	 12935	 3
2	 0	 7746	 0
0	 0	 4518	 1
2	 0	 1580	 0
1	 0	 9169	 2
2	 0	 4015	 1
2	 0	 2670	 2
0	 0	 1004	 0
0	 0	 13755	 4
0	 0	 5477	 1
0	 0	 1154	 0
0	 1	 162	 0
0	 2	 3214	 3
0	 1	 5006	 1
1	 0	 7070	 0
0	 0	 769	 0
1	 1	 3304	 0
1	 1	 5663	 3
0	 0	 319	 0
0	 0	 943	 0
1	 0	 1233	 0
1	 0	 1273	 2
0	 0	 3321	 0
0	 0	 967	 0
1	 0	 1113	 0
0	 0	 8151	 1
0	 0	 322	 0
0	 0	 920	 1
1	 0	 4269	 0
0	 0	 4805	 1
1	 1	 1605	 2
0	 0	 9	 0
1	 0	 11323	 1
0	 0	 3643	 3
1	 0	 657	 0
2	 0	 1209	 0
0	 0	 6421	 1
0	 0	 1270	 0
