A	 C	 G	 T
45047	 0	 5	 1
7402	 1	 2	 0
116350	 0	 11	 1
49027	 1	 8	 1
62906	 0	 8	 2
8002	 0	 0	 0
49666	 0	 4	 2
54941	 1	 2	 2
56125	 0	 9	 2
7001	 0	 1	 0
74074	 1	 8	 2
57634	 0	 7	 1
66326	 0	 11	 5
7212	 0	 1	 0
57730	 0	 9	 3
48200	 0	 7	 3
55945	 2	 7	 2
6860	 0	 1	 0
72996	 0	 9	 3
47341	 0	 7	 2
8400	 0	 1	 1
1592	 0	 0	 0
86047	 0	 5	 3
37273	 0	 3	 2
64421	 0	 9	 1
6626	 0	 3	 1
45496	 0	 4	 2
61349	 0	 13	 1
6437	 0	 3	 0
7235	 0	 1	 3
45129	 0	 8	 2
12549	 0	 1	 0
50718	 1	 5	 3
6470	 0	 0	 1
28308	 1	 4	 1
51548	 0	 8	 1
4484	 0	 1	 1
9445	 0	 4	 1
52800	 0	 4	 0
40378	 0	 8	 0
65864	 1	 12	 2
29	 0	 0	 0
74417	 0	 7	 4
53082	 0	 6	 1
7688	 0	 3	 0
8042	 0	 4	 0
55142	 0	 7	 4
37856	 0	 4	 1
