A	 C	 G	 T
169040	 1	 0	 1
36080	 0	 1	 0
297508	 2	 5	 1
196288	 0	 3	 0
240781	 2	 4	 0
37163	 0	 0	 0
203071	 0	 7	 1
182690	 0	 4	 0
224681	 1	 5	 1
35385	 1	 1	 0
279549	 0	 5	 1
215916	 2	 2	 2
268056	 3	 6	 3
35659	 1	 0	 0
220665	 3	 5	 1
196588	 0	 4	 2
218022	 1	 0	 2
33003	 0	 1	 0
281200	 3	 3	 3
171485	 1	 1	 0
36615	 0	 1	 0
8086	 0	 0	 0
221937	 3	 5	 2
132077	 0	 2	 1
225271	 2	 3	 2
26854	 0	 0	 0
172676	 3	 2	 2
224993	 0	 4	 3
32119	 0	 1	 0
36412	 0	 1	 0
192009	 1	 3	 2
55167	 0	 0	 0
235349	 3	 5	 1
28749	 0	 0	 0
131935	 0	 6	 1
200542	 1	 4	 3
24652	 1	 3	 0
44615	 0	 1	 1
211085	 0	 0	 3
153096	 1	 4	 0
278353	 0	 3	 1
116	 0	 0	 0
286375	 2	 5	 0
173292	 2	 7	 1
39934	 0	 3	 0
39803	 0	 0	 0
218186	 0	 5	 1
149294	 0	 5	 3
