A	 C	 G	 T
11	 9	 130493	 37
2	 0	 24651	 3
11	 3	 234232	 60
11	 1	 153479	 52
11	 6	 192485	 57
1	 0	 26182	 4
10	 2	 165741	 63
10	 1	 139875	 52
24	 2	 179286	 68
5	 0	 22504	 6
25	 12	 216946	 78
16	 1	 167618	 56
10	 4	 205910	 58
3	 1	 24665	 6
16	 4	 170038	 48
13	 3	 148385	 48
10	 4	 164427	 57
3	 0	 23427	 4
26	 8	 219071	 78
16	 1	 134093	 38
4	 1	 26064	 5
0	 0	 5587	 3
13	 2	 182317	 57
5	 2	 107352	 30
9	 4	 188940	 54
0	 0	 19046	 8
8	 2	 136063	 54
8	 4	 173315	 65
1	 0	 20137	 9
0	 1	 24916	 4
13	 2	 140324	 39
8	 4	 42439	 16
8	 1	 197669	 46
1	 0	 18923	 4
9	 1	 101567	 46
10	 5	 155866	 60
3	 0	 16381	 9
0	 2	 29402	 5
12	 2	 156945	 61
13	 1	 125861	 37
31	 1	 200390	 102
0	 0	 98	 0
15	 2	 219208	 76
11	 3	 134566	 40
3	 0	 28428	 10
4	 0	 28510	 10
11	 3	 168341	 49
10	 2	 116399	 29
