A	 C	 G	 T
6	 5	 166705	 15
3	 0	 35705	 1
13	 4	 292898	 14
7	 2	 191751	 11
7	 6	 236473	 13
1	 0	 36864	 4
10	 5	 193428	 10
5	 2	 179907	 15
9	 3	 214043	 9
3	 1	 35040	 5
14	 7	 274311	 18
7	 2	 211887	 8
15	 10	 263970	 19
0	 0	 35131	 2
11	 6	 217509	 13
0	 5	 193878	 12
8	 4	 214058	 13
3	 1	 32396	 4
8	 6	 276473	 20
7	 5	 168620	 8
0	 0	 36214	 5
0	 1	 8000	 2
8	 4	 219086	 24
8	 2	 130621	 7
7	 6	 222090	 12
1	 0	 26595	 1
8	 1	 170124	 21
7	 11	 221987	 12
4	 2	 31654	 4
1	 1	 35743	 15
7	 5	 188528	 6
6	 1	 54429	 6
11	 4	 231112	 18
4	 1	 28303	 4
3	 5	 130644	 8
9	 3	 197390	 14
2	 0	 24197	 2
5	 0	 43980	 7
8	 2	 207746	 7
8	 5	 151446	 5
14	 3	 273700	 11
0	 0	 114	 0
8	 4	 282262	 23
15	 0	 170408	 11
6	 0	 37917	 3
3	 1	 39205	 15
7	 4	 214885	 16
4	 3	 147157	 11
