A	 C	 G	 T
1	 1	 165568	 11
1	 0	 35501	 10
4	 3	 290585	 23
3	 1	 191170	 32
4	 1	 234796	 24
1	 1	 36665	 8
2	 1	 191599	 22
3	 1	 178551	 12
3	 2	 210270	 16
1	 0	 34918	 6
3	 1	 272082	 19
4	 1	 210751	 16
2	 2	 261972	 29
3	 1	 34966	 6
7	 1	 215838	 18
0	 0	 192480	 16
2	 3	 212335	 16
0	 0	 32299	 3
2	 1	 274340	 23
2	 0	 167501	 11
1	 1	 36023	 2
0	 0	 7946	 2
4	 1	 217396	 19
2	 0	 129626	 11
1	 0	 220319	 31
1	 0	 26489	 9
3	 1	 168705	 18
3	 2	 220315	 24
2	 0	 31547	 6
0	 1	 35752	 12
2	 3	 187109	 19
0	 1	 54046	 4
2	 3	 229770	 20
1	 0	 28232	 3
1	 0	 129712	 16
4	 1	 196067	 19
0	 0	 24073	 5
1	 1	 43695	 13
4	 0	 206363	 25
0	 0	 150449	 10
2	 2	 271600	 23
0	 0	 111	 1
10	 2	 280226	 25
2	 1	 169194	 10
2	 0	 37718	 8
1	 2	 39072	 15
5	 1	 213390	 19
2	 1	 146173	 10
