A	 C	 G	 T
169054	 10	 3	 0
36046	 2	 0	 1
297214	 23	 3	 4
196062	 13	 3	 1
240522	 15	 3	 2
37171	 3	 0	 0
202013	 5	 0	 2
182669	 3	 3	 2
222952	 7	 9	 2
35429	 1	 0	 0
279317	 13	 3	 4
215689	 12	 4	 0
267862	 8	 4	 6
35663	 2	 1	 1
220602	 18	 6	 1
196533	 7	 5	 1
217727	 21	 5	 1
32941	 3	 2	 0
280946	 14	 7	 6
171378	 6	 6	 2
36640	 1	 0	 1
8077	 1	 1	 0
221784	 13	 3	 0
132066	 8	 5	 1
225209	 14	 3	 2
26855	 5	 2	 1
172508	 14	 4	 1
224889	 13	 7	 0
32115	 5	 2	 0
36483	 0	 1	 3
191924	 15	 3	 1
55161	 2	 1	 2
235301	 18	 7	 2
28773	 1	 1	 0
131872	 7	 1	 0
200508	 13	 4	 2
24608	 1	 1	 0
44592	 3	 3	 0
210988	 13	 5	 3
153085	 11	 3	 1
278099	 16	 3	 1
115	 0	 0	 0
286210	 23	 5	 3
173209	 8	 4	 1
39733	 2	 2	 0
39784	 4	 2	 1
218132	 7	 1	 2
149203	 3	 3	 0
