A	 C	 G	 T
5	 27	 0	 168101
0	 3	 0	 35985
4	 36	 3	 295728
5	 21	 1	 192814
7	 38	 2	 238812
1	 6	 0	 37110
3	 32	 0	 195960
5	 20	 1	 181336
5	 42	 0	 218475
0	 4	 1	 35365
2	 30	 1	 277335
3	 26	 1	 213906
10	 43	 2	 266627
3	 7	 1	 35464
2	 25	 0	 219485
5	 33	 1	 195773
4	 36	 1	 216243
1	 4	 0	 32755
8	 35	 2	 279168
3	 18	 1	 170267
1	 4	 1	 36452
0	 0	 0	 8057
6	 29	 1	 220807
5	 21	 0	 131608
5	 25	 1	 224079
1	 1	 0	 26751
2	 15	 1	 171721
5	 32	 1	 224050
1	 5	 0	 31982
0	 8	 0	 36254
8	 22	 1	 190396
0	 6	 0	 54909
5	 32	 1	 233213
1	 6	 0	 28610
2	 17	 0	 131731
2	 24	 1	 199150
0	 2	 0	 24457
2	 5	 0	 44356
2	 30	 1	 209782
3	 22	 1	 152614
9	 58	 2	 276434
0	 0	 0	 116
9	 45	 2	 284849
5	 23	 0	 172063
3	 9	 0	 38617
1	 7	 0	 39629
8	 30	 0	 217008
2	 11	 1	 148530
