A	 C	 G	 T
165495	 1	 6	 3
35469	 0	 6	 0
291012	 0	 6	 5
190122	 0	 5	 5
235030	 0	 3	 4
36629	 0	 0	 0
192059	 2	 3	 2
178654	 0	 3	 1
212729	 1	 1	 4
34786	 0	 2	 0
272430	 1	 3	 3
210445	 0	 1	 7
262176	 1	 7	 0
34829	 0	 5	 2
215997	 0	 6	 1
192520	 1	 3	 2
212534	 0	 4	 2
32223	 0	 1	 0
274622	 1	 5	 2
167504	 0	 2	 1
35972	 0	 0	 1
7950	 0	 0	 0
217560	 0	 3	 4
129714	 0	 5	 1
220488	 0	 4	 4
26432	 0	 1	 0
169083	 1	 1	 1
220347	 0	 3	 2
31457	 0	 0	 2
35437	 2	 0	 0
187046	 2	 4	 2
54098	 1	 0	 2
229370	 0	 4	 3
28089	 0	 1	 1
129797	 1	 6	 4
196027	 0	 1	 3
24015	 0	 0	 0
43665	 0	 0	 2
206273	 0	 4	 3
150361	 1	 1	 1
271907	 0	 5	 6
114	 0	 0	 0
280288	 1	 4	 3
169153	 0	 4	 4
37675	 1	 2	 0
38998	 0	 0	 0
213427	 0	 4	 3
146070	 0	 6	 2
