A	 C	 G	 T
163928	 1	 10	 3
35172	 0	 1	 0
287603	 1	 4	 6
187754	 0	 8	 7
231990	 2	 8	 5
36318	 0	 5	 0
185374	 0	 9	 7
176661	 0	 2	 5
204033	 0	 5	 6
34518	 1	 2	 1
268663	 0	 4	 8
207881	 1	 5	 5
259310	 2	 11	 6
34541	 0	 3	 4
213752	 1	 4	 5
190564	 1	 8	 8
209787	 1	 2	 11
31733	 0	 1	 0
271306	 4	 5	 10
165544	 0	 0	 7
35646	 0	 1	 2
7873	 0	 0	 0
215355	 0	 3	 7
128628	 2	 3	 4
218136	 1	 7	 4
26178	 0	 2	 0
167131	 0	 2	 7
218356	 1	 6	 6
31129	 0	 1	 1
35124	 0	 2	 0
184760	 1	 5	 7
53600	 0	 2	 1
226882	 0	 5	 5
27860	 0	 1	 1
128616	 0	 0	 3
193975	 0	 7	 5
23741	 0	 3	 2
43179	 1	 2	 1
204169	 1	 7	 9
149114	 1	 2	 6
268648	 0	 4	 8
113	 0	 0	 0
277247	 2	 5	 9
167294	 0	 3	 3
36300	 0	 3	 2
38592	 0	 2	 0
211257	 1	 13	 13
144792	 0	 2	 4
