A	 C	 G	 T
5	 2	 169048	 24
3	 1	 36227	 7
15	 7	 297384	 19
12	 3	 196815	 12
7	 3	 241077	 12
7	 1	 37397	 7
15	 2	 204140	 7
11	 3	 182778	 12
9	 3	 225335	 11
2	 2	 35622	 7
11	 4	 279497	 11
18	 7	 216302	 7
15	 9	 268034	 19
3	 1	 35724	 5
15	 6	 220622	 8
4	 6	 196253	 18
14	 3	 217956	 7
3	 0	 33250	 7
14	 8	 281180	 14
13	 1	 171629	 3
2	 1	 36715	 3
0	 0	 8118	 0
14	 0	 221955	 9
10	 0	 131986	 9
16	 4	 225011	 12
3	 3	 27031	 5
11	 2	 172621	 6
15	 1	 224590	 8
4	 0	 32288	 1
2	 0	 36474	 11
15	 4	 191972	 15
3	 2	 55225	 6
9	 5	 235231	 18
2	 0	 28873	 3
5	 6	 132249	 2
13	 3	 200413	 12
1	 0	 24680	 7
3	 0	 44696	 11
15	 4	 211005	 5
9	 4	 153366	 6
8	 6	 278127	 14
0	 0	 113	 0
9	 6	 286138	 15
4	 2	 173122	 9
4	 0	 40304	 7
1	 2	 39933	 16
13	 3	 218145	 4
6	 4	 149158	 12
