A	 C	 G	 T
0	 0	 11	 0
0	 0	 440	 0
1	 0	 20732	 2
6	 3	 151596	 24
4	 0	 36487	 5
1	 0	 5275	 1
7	 4	 129247	 2
11	 6	 160797	 42
0	 0	 63	 0
0	 0	 53	 0
0	 0	 1635	 0
5	 1	 104176	 8
3	 1	 54857	 4
0	 0	 3363	 2
5	 0	 88003	 11
12	 3	 178778	 19
0	 0	 753	 0
0	 0	 261	 2
2	 0	 9393	 0
15	 2	 122921	 25
1	 0	 2753	 0
0	 0	 79	 0
1	 0	 19930	 0
11	 3	 99662	 16
0	 0	 23	 0
0	 0	 28	 0
0	 0	 154	 0
1	 0	 33480	 3
1	 0	 17806	 1
0	 0	 11635	 2
11	 2	 71117	 26
1	 4	 64031	 28
0	 0	 116	 0
0	 0	 86	 0
0	 0	 886	 3
10	 3	 98429	 10
1	 0	 7093	 3
2	 0	 10091	 2
6	 0	 124751	 12
4	 1	 139171	 12
0	 0	 1447	 0
0	 0	 13	 0
1	 3	 39404	 8
5	 1	 143109	 13
1	 0	 33769	 5
4	 0	 32063	 13
11	 4	 166663	 8
9	 3	 138178	 18
