A	 C	 G	 T
0	 0	 11	 0
0	 0	 429	 0
1	 0	 20448	 1
4	 2	 151759	 3
0	 1	 36175	 3
0	 0	 5166	 1
5	 1	 131151	 7
0	 0	 159273	 13
0	 0	 70	 0
0	 0	 54	 0
0	 0	 1584	 0
5	 3	 103462	 11
2	 0	 54129	 4
0	 0	 3296	 0
4	 0	 86851	 13
3	 1	 176118	 14
0	 0	 737	 0
0	 0	 261	 1
0	 0	 9266	 0
0	 2	 121562	 2
0	 0	 2691	 0
0	 0	 74	 0
0	 0	 19712	 1
5	 0	 98185	 0
0	 0	 21	 0
0	 0	 30	 0
0	 0	 146	 0
0	 0	 32990	 2
1	 1	 17521	 3
1	 0	 11362	 3
0	 1	 70292	 2
3	 1	 62958	 18
0	 0	 112	 0
0	 0	 84	 0
0	 0	 877	 0
4	 0	 97218	 4
0	 0	 6966	 0
0	 0	 9926	 0
2	 1	 123128	 5
4	 1	 137277	 4
0	 0	 1414	 0
0	 0	 12	 0
0	 2	 38969	 2
2	 1	 141434	 3
3	 0	 33756	 4
1	 0	 31460	 2
1	 2	 164546	 9
4	 1	 136393	 4
