A	 C	 G	 T
0	 1	 1150	 0
1	 2	 552	 1
5	 13	 23841	 4
40	 87	 167126	 12
9	 13	 41624	 4
1	 2	 5570	 1
33	 88	 150573	 6
37	 97	 172617	 7
0	 0	 983	 0
0	 0	 131	 0
1	 2	 3339	 0
23	 39	 112773	 13
13	 33	 59959	 5
1	 4	 3583	 0
23	 47	 94298	 2
48	 98	 191001	 11
1	 1	 1782	 0
0	 0	 353	 1
6	 5	 11554	 1
41	 68	 131620	 4
0	 2	 3128	 0
0	 0	 115	 0
5	 14	 22500	 2
27	 48	 105925	 16
1	 0	 1358	 0
0	 0	 102	 0
0	 1	 1299	 0
5	 14	 36400	 0
4	 6	 18958	 4
6	 7	 12435	 2
11	 46	 77351	 2
32	 74	 137377	 25
0	 2	 1102	 0
0	 0	 167	 0
1	 2	 1871	 1
18	 56	 105629	 7
1	 3	 7620	 0
3	 6	 10781	 4
37	 57	 134271	 13
32	 65	 147234	 10
0	 1	 2271	 1
0	 0	 16	 0
8	 19	 42811	 4
33	 85	 152265	 10
12	 19	 38419	 5
11	 22	 33758	 2
48	 95	 177403	 15
33	 94	 146468	 11
