A	 C	 G	 T
0	 0	 0	 0
0	 10	 0	 0
0	 1556	 0	 0
0	 4249	 0	 0
0	 1307	 0	 0
0	 70	 0	 0
0	 2491	 0	 0
0	 2657	 0	 0
0	 2	 0	 0
0	 1	 0	 0
0	 86	 0	 0
0	 5564	 0	 0
1	 3055	 0	 0
0	 110	 0	 0
0	 3665	 0	 0
0	 12583	 0	 0
0	 19	 0	 0
0	 6	 0	 0
0	 233	 0	 0
0	 10919	 0	 0
0	 46	 0	 0
0	 3	 0	 0
0	 1200	 0	 0
1	 5483	 0	 0
0	 2	 0	 0
0	 2	 0	 0
0	 6	 0	 0
0	 2542	 0	 0
0	 373	 0	 0
0	 515	 0	 0
0	 1710	 0	 0
0	 3390	 0	 0
0	 3	 0	 0
0	 2	 0	 0
0	 19	 0	 0
0	 12166	 0	 0
0	 128	 0	 0
0	 147	 0	 0
0	 4010	 0	 0
0	 4496	 0	 0
0	 37	 0	 0
0	 0	 0	 0
0	 1922	 0	 0
0	 11293	 0	 1
0	 904	 0	 0
0	 759	 0	 0
0	 6009	 0	 0
0	 4586	 0	 0
