A	 C	 G	 T
0	 0	 11	 0
0	 0	 434	 0
1	 0	 20337	 3
4	 0	 148233	 7
0	 0	 35651	 1
0	 0	 5174	 0
2	 0	 121487	 8
3	 2	 157552	 12
0	 0	 65	 0
0	 0	 50	 0
0	 0	 1578	 0
1	 0	 101969	 5
0	 0	 53795	 1
0	 0	 3246	 1
1	 1	 86380	 6
5	 0	 175321	 2
0	 0	 741	 0
0	 0	 251	 0
0	 0	 9214	 2
3	 1	 120409	 5
0	 0	 2693	 0
0	 0	 77	 0
1	 0	 19553	 1
1	 1	 97793	 2
0	 0	 24	 0
0	 0	 28	 0
0	 0	 144	 0
1	 0	 32888	 1
1	 0	 17358	 0
0	 0	 11351	 1
3	 0	 69602	 9
1	 2	 62797	 8
0	 0	 109	 0
0	 0	 82	 0
0	 0	 865	 0
0	 2	 96460	 3
1	 0	 6889	 1
0	 0	 9827	 2
0	 1	 122225	 4
2	 1	 136777	 6
0	 0	 1398	 0
0	 0	 12	 0
1	 1	 38723	 3
5	 0	 140723	 7
2	 0	 30983	 3
0	 0	 31279	 1
2	 1	 163571	 3
2	 4	 135716	 4
