A	 C	 G	 T
0	 9	 0	 0
0	 445	 0	 0
2	 20702	 0	 0
4	 153544	 0	 2
2	 36347	 0	 0
0	 5289	 0	 1
4	 132215	 1	 2
3	 160762	 1	 3
0	 69	 0	 0
0	 53	 0	 0
0	 1640	 0	 0
3	 104364	 0	 1
3	 54534	 0	 1
0	 3349	 0	 0
2	 87515	 0	 2
3	 177298	 2	 2
0	 751	 0	 0
0	 262	 0	 0
0	 9402	 0	 0
1	 122278	 0	 2
0	 2756	 0	 0
0	 78	 0	 0
2	 19786	 0	 0
5	 98939	 0	 0
0	 24	 0	 0
0	 29	 0	 0
0	 145	 0	 0
0	 33169	 0	 2
1	 17801	 0	 1
0	 11513	 0	 0
3	 71077	 0	 0
12	 63710	 0	 2
0	 115	 0	 0
0	 84	 0	 0
0	 888	 0	 0
0	 98004	 1	 2
1	 7089	 0	 0
0	 10074	 0	 0
6	 124132	 0	 0
2	 138022	 0	 5
1	 1444	 0	 0
0	 12	 0	 0
3	 39094	 0	 3
4	 142475	 1	 1
3	 34264	 0	 2
0	 31963	 0	 2
3	 165506	 2	 7
8	 137309	 0	 3
