A	 C	 G	 T
0	 0	 0	 9
0	 0	 0	 343
0	 1	 1	 21185
0	 5	 2	 162282
0	 3	 0	 37994
0	 0	 0	 3228
1	 5	 0	 145933
4	 6	 1	 163027
0	 0	 0	 77
0	 0	 0	 33
0	 0	 0	 1700
1	 2	 0	 109055
11	 3	 1	 56218
1	 0	 0	 2157
2	 2	 0	 86684
2	 11	 0	 182416
0	 0	 0	 741
0	 0	 0	 201
0	 1	 0	 9830
0	 8	 0	 127508
0	 0	 0	 1804
0	 0	 0	 59
1	 1	 0	 20609
0	 3	 0	 102599
0	 0	 0	 29
0	 0	 0	 29
0	 0	 0	 143
1	 2	 0	 34234
0	 0	 0	 11881
1	 0	 0	 6986
0	 2	 1	 73877
0	 4	 1	 64509
0	 0	 0	 123
0	 0	 0	 74
0	 0	 0	 915
1	 1	 0	 101686
0	 1	 0	 4456
0	 0	 0	 6741
0	 6	 0	 128450
4	 3	 0	 137821
0	 0	 0	 1491
0	 0	 0	 15
0	 1	 0	 40366
2	 6	 0	 146837
0	 1	 0	 23686
0	 0	 0	 19888
2	 11	 0	 170886
2	 5	 0	 141090
