A	 C	 G	 T
102	 15	 10	 3
20	 1	 434	 0
320	 36	 20533	 8
100	 23	 154080	 11
341	 30	 36489	 5
12	 0	 5148	 1
198	 23	 138020	 5
104	 8	 160440	 15
111	 11	 72	 2
7	 0	 53	 1
248	 20	 1627	 3
110	 22	 104260	 10
195	 31	 54183	 12
10	 0	 3298	 0
120	 21	 87107	 7
382	 53	 175930	 12
95	 7	 761	 4
11	 1	 257	 0
143	 11	 9451	 2
68	 14	 122254	 1
41	 4	 2729	 0
3	 0	 75	 2
138	 24	 19771	 6
91	 12	 98157	 8
98	 16	 29	 4
11	 0	 30	 1
145	 26	 148	 0
95	 12	 32910	 4
15	 1	 17703	 2
16	 0	 11523	 0
115	 24	 70954	 6
11485	 2783	 63501	 114
121	 8	 117	 1
22	 1	 86	 0
90	 9	 875	 0
108	 19	 97587	 7
41	 2	 7052	 0
8	 4	 10010	 1
291	 44	 123588	 6
108	 10	 136898	 10
90	 9	 1447	 2
0	 0	 14	 0
141	 22	 39012	 6
67	 12	 141577	 8
15	 2	 35718	 5
17	 1	 31600	 0
99	 25	 164728	 8
80	 11	 136255	 6
