A	 C	 G	 T
9	 0	 0	 0
319	 0	 0	 0
20089	 0	 0	 0
153552	 0	 0	 0
36042	 0	 1	 0
3063	 0	 0	 0
138041	 0	 0	 1
154375	 0	 0	 1
70	 0	 0	 0
32	 0	 0	 0
1609	 0	 0	 0
103904	 0	 0	 0
53292	 0	 0	 0
2044	 0	 0	 0
82450	 0	 1	 0
173235	 0	 1	 2
695	 0	 0	 0
180	 0	 0	 0
9340	 0	 0	 0
121126	 0	 0	 1
1697	 0	 0	 0
54	 0	 0	 0
19537	 0	 0	 0
97068	 0	 1	 0
26	 0	 0	 0
28	 0	 0	 0
141	 0	 0	 0
32470	 0	 0	 0
11196	 0	 0	 0
6592	 0	 0	 0
70319	 0	 0	 0
61237	 0	 1	 0
122	 0	 0	 0
72	 0	 0	 0
862	 0	 0	 0
96285	 1	 0	 0
4190	 0	 0	 0
6323	 0	 0	 0
121466	 0	 1	 0
131040	 0	 2	 1
1397	 0	 0	 0
13	 0	 0	 0
38353	 0	 0	 1
139423	 0	 3	 0
22399	 0	 0	 0
18862	 0	 1	 0
162782	 0	 0	 0
134345	 1	 1	 1
