A	 C	 G	 T
0	 8	 0	 0
0	 291	 0	 0
1	 17829	 0	 0
15	 140892	 0	 3
2	 33101	 0	 1
0	 2839	 0	 0
5	 125051	 0	 0
10	 140318	 0	 5
0	 64	 0	 0
0	 29	 0	 0
0	 1503	 0	 0
3	 97346	 0	 2
2	 49337	 0	 2
0	 1873	 0	 0
11	 77333	 0	 3
8	 162634	 0	 2
0	 662	 0	 0
0	 185	 0	 0
0	 8569	 0	 0
7	 112201	 0	 5
0	 1565	 0	 0
0	 53	 0	 0
0	 18014	 0	 0
9	 88673	 0	 1
0	 22	 0	 0
0	 24	 0	 0
0	 128	 0	 0
4	 31239	 0	 1
3	 10479	 0	 0
1	 6139	 0	 0
11	 64800	 0	 1
9	 56807	 0	 0
0	 108	 0	 0
0	 59	 0	 0
0	 798	 0	 0
4	 89211	 0	 1
0	 3844	 0	 1
0	 5826	 0	 0
9	 112907	 0	 3
4	 121458	 0	 4
0	 1335	 0	 0
0	 12	 0	 0
1	 36320	 0	 1
7	 132544	 0	 3
4	 20639	 0	 4
1	 17722	 0	 0
13	 155099	 0	 4
8	 127731	 0	 3
