A	 C	 G	 T
111	 453	 19	 9
7	 24	 321	 1
223	 822	 16939	 47
111	 437	 155805	 51
320	 1056	 34947	 62
8	 27	 3104	 4
217	 686	 130797	 48
112	 343	 163075	 36
113	 344	 80	 22
6	 21	 36	 1
172	 637	 1416	 45
90	 413	 87516	 24
266	 779	 45535	 32
6	 18	 1972	 1
141	 430	 74757	 18
280	 1007	 145444	 92
81	 387	 706	 24
8	 28	 189	 1
163	 542	 8151	 23
69	 276	 109772	 22
23	 75	 1684	 9
3	 14	 53	 0
139	 472	 19726	 26
95	 356	 99040	 33
189	 530	 31	 30
5	 21	 29	 1
116	 420	 133	 34
148	 457	 28767	 23
15	 47	 11096	 3
7	 15	 5638	 3
131	 461	 63472	 28
7006	 28116	 55163	 1998
124	 378	 109	 22
5	 20	 63	 1
89	 413	 893	 14
104	 345	 79163	 20
21	 37	 4178	 3
8	 26	 6406	 2
219	 763	 117799	 60
103	 308	 130580	 32
63	 324	 1484	 12
1	 1	 12	 0
123	 431	 32345	 24
71	 234	 120317	 24
9	 26	 22708	 1
9	 21	 16367	 4
122	 426	 139856	 30
84	 291	 116685	 24
