A	 C	 G	 T
0	 0	 0	 7
0	 0	 0	 346
0	 1	 0	 15848
3	 7	 0	 109232
0	 1	 0	 27494
0	 0	 0	 4168
1	 16	 0	 84090
2	 16	 1	 121171
0	 0	 0	 45
0	 0	 0	 41
0	 0	 0	 1181
1	 11	 0	 76694
3	 5	 0	 42293
1	 0	 0	 2564
0	 8	 0	 67419
4	 22	 0	 138112
0	 0	 0	 549
0	 0	 0	 190
0	 1	 0	 7022
3	 8	 0	 92997
0	 0	 0	 2153
0	 0	 0	 57
0	 1	 0	 15371
1	 9	 2	 77811
0	 0	 0	 15
0	 0	 0	 25
0	 0	 0	 112
1	 1	 1	 26026
0	 3	 0	 13744
1	 2	 0	 8720
4	 4	 0	 53456
0	 16	 0	 49529
0	 0	 0	 85
0	 0	 0	 60
0	 0	 0	 676
0	 12	 0	 74711
0	 2	 0	 5386
0	 1	 0	 7787
0	 15	 1	 95763
0	 14	 0	 108083
0	 1	 0	 1114
0	 0	 0	 9
0	 4	 0	 30582
2	 10	 1	 109897
0	 6	 0	 22098
0	 4	 0	 25160
2	 16	 1	 128424
2	 20	 0	 107166
