A	 C	 G	 T
2	 40	 655	 12
0	 2	 364	 2
18	 40	 15523	 30
70	 46	 97813	 78
41	 82	 29942	 40
4	 3	 3627	 8
71	 81	 82789	 82
99	 38	 112596	 94
2	 25	 452	 6
2	 3	 66	 1
5	 38	 2085	 16
44	 30	 67948	 60
50	 83	 39611	 41
3	 1	 2416	 6
51	 45	 62044	 71
84	 86	 126209	 104
7	 37	 1072	 10
3	 4	 232	 0
10	 74	 8260	 19
63	 29	 85906	 53
5	 11	 2083	 5
0	 2	 76	 0
13	 65	 14551	 24
62	 44	 70234	 59
1	 53	 779	 18
0	 2	 68	 0
2	 56	 770	 9
23	 38	 24108	 30
10	 3	 12548	 15
5	 6	 8178	 7
45	 45	 50393	 41
63	 1806	 87279	 198
4	 41	 624	 12
0	 4	 94	 1
2	 38	 1155	 6
64	 40	 69141	 41
8	 7	 4791	 2
11	 4	 7909	 8
69	 43	 88231	 67
65	 41	 92261	 75
6	 27	 1628	 5
0	 0	 7	 0
27	 29	 28138	 30
72	 26	 99930	 70
23	 4	 20679	 26
14	 3	 22592	 27
73	 43	 117107	 102
60	 44	 93004	 70
