A	 C	 G	 T
0	 0	 9	 0
0	 0	 310	 0
3	 1	 18117	 2
6	 2	 139394	 5
3	 0	 32882	 2
0	 0	 2781	 0
6	 2	 124685	 3
7	 1	 140372	 13
0	 0	 65	 0
0	 0	 32	 0
0	 0	 1441	 0
4	 3	 93385	 15
5	 1	 48414	 5
1	 0	 1847	 0
7	 0	 74241	 3
8	 1	 156155	 8
0	 0	 634	 0
0	 0	 180	 0
0	 0	 8429	 1
6	 0	 109653	 6
0	 0	 1527	 0
0	 0	 51	 0
3	 0	 17037	 0
10	 0	 83502	 3
0	 0	 21	 0
0	 0	 23	 0
0	 0	 125	 0
6	 0	 29825	 1
1	 0	 10179	 0
0	 0	 5917	 0
7	 1	 62954	 4
3	 4	 55184	 3
0	 0	 102	 0
0	 0	 59	 0
0	 0	 801	 0
5	 2	 84574	 14
0	 0	 3822	 0
0	 0	 5755	 0
9	 3	 109749	 4
8	 1	 119563	 6
0	 0	 1266	 0
0	 0	 13	 0
2	 3	 34370	 3
4	 2	 125685	 7
1	 0	 20422	 0
1	 1	 17014	 0
9	 1	 145773	 5
5	 0	 120370	 9
