A	 C	 G	 T
0	 0	 5	 0
0	 0	 112	 0
2	 0	 8886	 1
8	 3	 82353	 10
3	 1	 16889	 2
1	 0	 1356	 0
5	 3	 63884	 6
8	 2	 98432	 4
0	 0	 27	 0
0	 0	 14	 0
0	 0	 421	 1
7	 2	 29690	 3
0	 2	 19445	 1
0	 0	 860	 0
4	 1	 20948	 5
12	 3	 62018	 2
0	 0	 241	 1
0	 0	 92	 0
0	 0	 2658	 0
5	 4	 52686	 1
0	 0	 873	 0
0	 0	 27	 0
1	 0	 11970	 1
11	 0	 57448	 6
0	 0	 12	 0
0	 0	 14	 0
0	 0	 55	 0
0	 2	 14453	 5
2	 1	 4257	 0
0	 1	 2148	 0
6	 0	 26928	 2
8	 2	 22861	 2
0	 0	 48	 0
0	 0	 29	 0
0	 0	 522	 0
5	 2	 23569	 3
0	 0	 2451	 0
0	 0	 2943	 0
9	 0	 47999	 6
4	 1	 53969	 6
0	 0	 646	 0
0	 0	 3	 0
3	 0	 10061	 1
6	 2	 66902	 8
2	 0	 13445	 0
2	 0	 6162	 0
9	 4	 50467	 5
10	 2	 65478	 6
