A	 C	 G	 T
0	 9	 0	 0
0	 319	 0	 0
0	 20113	 0	 1
3	 153889	 1	 5
0	 35972	 0	 1
0	 3038	 0	 0
3	 138075	 1	 5
1	 154085	 1	 4
0	 70	 0	 0
0	 32	 0	 0
0	 1599	 0	 1
1	 103360	 3	 7
2	 53305	 0	 2
1	 2020	 0	 0
2	 82066	 0	 3
2	 173160	 1	 7
0	 684	 0	 0
0	 190	 0	 0
0	 9301	 0	 0
1	 121163	 1	 5
0	 1721	 0	 0
0	 55	 0	 0
0	 19516	 0	 1
2	 97272	 2	 7
0	 22	 0	 0
0	 26	 0	 0
0	 133	 0	 0
2	 32445	 0	 3
0	 11122	 0	 0
0	 6559	 0	 1
1	 69847	 1	 5
4	 60813	 5	 4
0	 117	 0	 0
0	 64	 0	 0
0	 861	 0	 0
1	 95991	 0	 1
0	 4197	 0	 0
0	 6307	 0	 0
5	 121196	 2	 1
2	 131259	 0	 5
0	 1398	 0	 0
0	 14	 0	 0
1	 38157	 1	 1
2	 139836	 0	 4
2	 22369	 0	 3
0	 18786	 0	 2
0	 161938	 1	 3
2	 133761	 1	 6
