A	 C	 G	 T
6	 0	 0	 0
120	 0	 0	 0
9204	 0	 0	 1
85290	 0	 12	 1
17546	 0	 4	 0
1404	 0	 1	 0
66133	 1	 4	 2
101949	 0	 10	 1
29	 0	 0	 0
14	 0	 0	 0
439	 0	 1	 0
31150	 0	 4	 2
20316	 1	 0	 1
894	 0	 0	 0
21957	 0	 1	 0
64433	 0	 10	 0
249	 0	 0	 0
96	 0	 0	 0
2779	 0	 0	 0
54902	 0	 3	 3
907	 0	 1	 0
27	 0	 0	 0
12400	 0	 1	 1
59489	 1	 5	 3
12	 0	 0	 0
14	 0	 0	 0
57	 0	 0	 0
15039	 0	 3	 0
4414	 0	 0	 1
2252	 0	 1	 0
27971	 0	 3	 0
23806	 0	 3	 0
49	 0	 0	 0
30	 0	 0	 0
541	 0	 0	 0
24645	 0	 1	 0
2539	 0	 0	 1
3076	 0	 1	 0
49831	 0	 5	 0
55893	 0	 8	 1
676	 0	 0	 0
5	 0	 0	 0
10630	 0	 3	 1
69160	 0	 8	 1
14001	 0	 1	 0
6413	 0	 0	 2
52694	 0	 3	 1
67747	 0	 6	 2
