A	 C	 G	 T
0	 3	 1103	 3
1	 0	 552	 0
11	 7	 23802	 11
75	 38	 159792	 76
25	 25	 41516	 18
1	 0	 5551	 2
70	 42	 148192	 67
69	 50	 172118	 69
3	 0	 887	 2
0	 0	 130	 0
4	 2	 3315	 6
39	 32	 109101	 41
18	 20	 59839	 31
0	 0	 3585	 3
28	 28	 94128	 40
93	 44	 190637	 93
2	 1	 1765	 4
0	 0	 348	 1
3	 2	 11540	 6
51	 35	 131259	 63
0	 0	 3136	 1
0	 0	 116	 0
11	 1	 22447	 13
38	 36	 105889	 45
3	 2	 1335	 0
0	 0	 102	 1
2	 1	 1293	 0
26	 6	 36272	 23
5	 4	 18910	 13
0	 5	 12441	 7
32	 23	 77092	 46
90	 57	 136788	 99
0	 1	 1100	 2
0	 0	 167	 0
2	 2	 1854	 1
52	 31	 105320	 51
4	 2	 7448	 3
4	 5	 10762	 11
48	 34	 133895	 73
67	 39	 143865	 73
0	 2	 2270	 3
0	 0	 15	 0
16	 12	 42719	 25
62	 47	 151889	 73
9	 12	 35558	 29
19	 11	 33700	 16
70	 54	 177085	 85
66	 49	 146135	 60
