A	 C	 G	 T
695	 4	 3	 1
375	 0	 0	 1
16239	 6	 1	 5
110031	 2	 8	 19
32190	 7	 4	 8
4008	 0	 0	 0
92312	 17	 7	 13
117957	 2	 12	 13
492	 7	 2	 1
69	 0	 0	 1
2132	 4	 0	 0
76198	 4	 7	 10
41479	 2	 5	 5
2521	 0	 0	 0
64937	 13	 5	 8
132183	 9	 16	 29
1087	 3	 2	 2
233	 1	 1	 0
8841	 18	 1	 3
90191	 3	 4	 8
2188	 0	 1	 1
78	 0	 0	 0
15203	 3	 1	 1
73639	 6	 5	 9
771	 3	 2	 2
66	 0	 1	 0
779	 8	 4	 1
25213	 8	 1	 2
13146	 0	 2	 1
8565	 0	 1	 2
52666	 4	 2	 11
89646	 169	 63	 36
628	 8	 0	 1
96	 0	 0	 0
1210	 1	 1	 0
72483	 8	 7	 11
5337	 1	 0	 0
8519	 0	 1	 2
92427	 4	 5	 6
102436	 4	 4	 15
1700	 5	 1	 1
7	 0	 0	 0
29475	 4	 4	 4
104646	 4	 5	 10
24212	 0	 2	 1
23660	 0	 1	 3
122510	 1	 5	 21
101861	 6	 7	 17
