A	 C	 G	 T
10	 0	 0	 0
434	 0	 0	 0
20189	 0	 0	 0
150124	 1	 0	 2
35820	 0	 0	 0
5138	 0	 0	 0
133444	 0	 0	 1
157216	 0	 2	 2
67	 0	 0	 0
47	 0	 0	 0
1608	 0	 0	 0
102269	 0	 1	 0
53284	 0	 1	 0
3257	 0	 0	 0
85573	 0	 0	 1
173231	 0	 1	 3
739	 0	 0	 0
255	 0	 0	 0
9227	 0	 0	 0
120238	 0	 1	 2
2672	 0	 0	 0
76	 0	 0	 0
19458	 0	 0	 0
96761	 0	 1	 4
21	 0	 0	 0
28	 0	 0	 0
147	 0	 0	 0
32377	 0	 0	 0
17445	 0	 0	 0
11317	 0	 0	 0
69717	 0	 1	 0
62477	 0	 3	 1
112	 0	 0	 0
80	 0	 0	 0
861	 0	 0	 0
96017	 1	 1	 1
6935	 0	 1	 0
9855	 0	 0	 0
121502	 0	 1	 1
134837	 0	 2	 0
1416	 0	 0	 0
13	 0	 0	 0
38267	 0	 0	 0
139702	 0	 1	 1
34443	 0	 0	 0
31163	 0	 0	 0
162269	 0	 3	 5
133932	 0	 1	 0
