A	 C	 G	 T
0	 0	 0	 0
0	 0	 0	 0
6	 1	 1	 4
26	 7	 4	 10
6	 0	 0	 5
2	 0	 0	 0
29	 4	 5	 8
24	 8	 1	 10
0	 0	 0	 0
0	 0	 0	 0
0	 0	 0	 0
18	 4	 1	 3
6	 4	 3	 1
0	 0	 0	 0
12	 3	 1	 6
38	 5	 3	 18
0	 0	 0	 0
0	 0	 0	 0
3	 1	 0	 0
20	 3	 3	 4
0	 0	 0	 0
0	 0	 0	 0
2	 0	 0	 2
18	 5	 2	 6
0	 0	 0	 0
0	 0	 0	 0
0	 0	 0	 0
7	 0	 2	 6
0	 1	 0	 0
2	 1	 0	 0
20	 1	 2	 5
14	 0	 2	 6
0	 0	 0	 0
0	 0	 0	 0
0	 0	 0	 0
19	 4	 1	 4
1	 0	 0	 0
3	 0	 0	 1
28	 3	 4	 4
23	 5	 5	 3
2	 0	 0	 0
0	 0	 0	 0
10	 1	 1	 2
20	 6	 3	 7
7	 0	 0	 0
4	 1	 0	 0
38	 5	 7	 8
24	 5	 2	 11
