A	 C	 G	 T
0	 0	 1	 0
0	 0	 16	 0
0	 0	 548	 5
2	 0	 7694	 1
0	 0	 2538	 2
0	 0	 144	 1
1	 0	 10528	 3
1	 0	 10681	 8
0	 0	 6	 0
0	 0	 0	 0
0	 0	 46	 1
0	 0	 2419	 2
1	 0	 1968	 2
0	 0	 51	 1
0	 0	 1369	 3
1	 0	 3891	 4
0	 0	 5	 0
0	 0	 9	 0
0	 0	 614	 1
1	 0	 3567	 1
0	 0	 73	 0
0	 0	 0	 0
0	 0	 1009	 1
1	 0	 3809	 7
0	 0	 1	 0
0	 0	 1	 0
0	 0	 1	 0
0	 0	 1128	 2
1	 0	 59	 1
1	 0	 185	 0
2	 0	 3877	 1
1	 0	 1061	 3
0	 0	 2	 0
0	 0	 1	 0
0	 0	 37	 0
0	 0	 2305	 7
0	 0	 186	 0
0	 0	 231	 0
0	 0	 1305	 1
0	 0	 4658	 1
0	 0	 7	 0
0	 0	 0	 0
0	 0	 760	 1
3	 0	 4428	 8
1	 0	 1267	 0
0	 0	 274	 0
1	 0	 2086	 2
2	 0	 5246	 8
