A	 C	 G	 T
0	 0	 0	 0
0	 6	 0	 0
0	 631	 0	 0
0	 2779	 0	 0
0	 786	 0	 0
0	 50	 0	 0
0	 1378	 0	 1
0	 1651	 0	 0
0	 2	 0	 0
0	 0	 0	 0
0	 44	 0	 0
0	 1784	 0	 0
0	 1607	 0	 0
0	 75	 0	 0
0	 1661	 0	 0
0	 4859	 0	 1
0	 14	 0	 0
0	 4	 0	 0
0	 142	 0	 0
0	 7306	 0	 0
0	 32	 0	 0
0	 1	 0	 0
0	 754	 0	 0
0	 3613	 0	 0
0	 2	 0	 0
0	 2	 0	 0
0	 1	 0	 0
0	 1387	 0	 0
0	 229	 0	 0
0	 203	 0	 0
0	 925	 0	 0
0	 1910	 0	 2
0	 3	 0	 0
0	 2	 0	 0
0	 15	 0	 0
0	 4149	 0	 3
0	 52	 0	 0
0	 97	 0	 0
0	 2295	 0	 0
0	 2947	 0	 0
0	 20	 0	 0
0	 0	 0	 0
0	 517	 0	 0
0	 8259	 0	 1
0	 553	 0	 0
0	 307	 0	 1
0	 2469	 0	 1
0	 962	 0	 1
