A	 C	 G	 T
0	 0	 7	 0
0	 0	 138	 0
0	 0	 9353	 13
5	 1	 71861	 22
0	 1	 17095	 6
0	 0	 1441	 1
13	 1	 65409	 24
10	 2	 73976	 28
0	 0	 38	 0
0	 0	 20	 0
1	 0	 730	 2
11	 3	 47973	 19
2	 1	 24750	 15
0	 0	 929	 2
8	 0	 38022	 19
22	 1	 80369	 21
0	 0	 316	 0
0	 0	 86	 0
2	 0	 4380	 1
4	 1	 55592	 29
0	 0	 779	 0
0	 0	 23	 0
1	 1	 9197	 6
11	 3	 46435	 24
0	 0	 11	 0
0	 0	 14	 0
0	 0	 59	 0
2	 2	 15239	 12
0	 0	 5208	 2
1	 0	 3037	 3
2	 0	 32735	 12
6	 3	 28050	 24
0	 0	 58	 0
0	 0	 26	 0
0	 0	 455	 3
11	 3	 44596	 16
0	 0	 2013	 1
1	 0	 2926	 2
12	 2	 55729	 29
9	 2	 62321	 19
0	 0	 638	 0
0	 0	 7	 0
1	 0	 17688	 9
10	 2	 63745	 27
1	 0	 10667	 3
1	 0	 8757	 1
10	 4	 73865	 20
7	 4	 62190	 28
