A	 C	 G	 T
10	 0	 0	 0
343	 0	 0	 0
21122	 2	 0	 0
162231	 1	 0	 2
38023	 0	 0	 2
3217	 0	 0	 0
146093	 1	 1	 2
163197	 1	 3	 5
76	 0	 0	 0
33	 0	 0	 0
1689	 0	 0	 0
108896	 1	 4	 2
56190	 0	 0	 2
2150	 0	 0	 0
86462	 2	 0	 3
182198	 1	 0	 3
745	 0	 0	 0
199	 0	 0	 0
9834	 0	 0	 1
126878	 2	 0	 4
1804	 0	 0	 0
60	 0	 0	 0
20596	 0	 0	 0
102672	 2	 0	 2
29	 0	 0	 0
29	 0	 0	 0
143	 0	 0	 0
34245	 0	 0	 2
11783	 0	 0	 0
6962	 0	 0	 0
73822	 0	 0	 0
64118	 1	 0	 0
123	 0	 0	 0
75	 0	 0	 0
914	 0	 0	 0
101379	 0	 0	 2
4448	 0	 0	 0
6691	 0	 0	 0
127670	 0	 0	 8
137789	 1	 1	 1
1475	 0	 0	 0
15	 0	 0	 0
40260	 0	 0	 0
146356	 5	 0	 2
23668	 0	 2	 2
19827	 0	 0	 0
170433	 1	 0	 3
140804	 1	 0	 2
