A	 C	 G	 T
0	 0	 7	 0
1	 0	 345	 0
1	 1	 15878	 2
22	 2	 109452	 5
2	 2	 27563	 0
0	 1	 4175	 1
12	 4	 84273	 33
16	 2	 121447	 19
0	 0	 46	 0
0	 0	 41	 0
0	 0	 1183	 0
12	 1	 76858	 5
6	 2	 42380	 2
0	 2	 2572	 1
10	 3	 67569	 4
21	 5	 138372	 3
0	 0	 550	 0
0	 0	 190	 0
1	 0	 7035	 3
12	 1	 93190	 6
0	 0	 2157	 0
0	 0	 58	 0
2	 0	 15399	 4
12	 1	 78006	 2
0	 0	 15	 0
0	 0	 25	 0
0	 0	 112	 0
4	 0	 26083	 0
0	 1	 13756	 5
1	 1	 8738	 2
15	 1	 53563	 30
10	 2	 49646	 3
0	 0	 85	 0
0	 0	 59	 0
0	 0	 680	 0
12	 0	 74866	 1
0	 0	 5394	 0
0	 0	 7807	 0
7	 3	 95965	 20
10	 1	 108340	 4
0	 0	 1116	 0
0	 0	 9	 0
3	 2	 30662	 0
14	 0	 110111	 6
2	 0	 22150	 4
5	 0	 25202	 1
16	 4	 128681	 4
11	 1	 107387	 9
