A	 C	 G	 T
0	 10	 0	 0
0	 458	 0	 0
0	 21574	 0	 2
9	 162111	 0	 5
5	 38170	 0	 1
0	 5452	 0	 0
19	 144239	 1	 2
6	 168079	 1	 6
0	 78	 0	 0
0	 56	 0	 0
0	 1710	 0	 0
4	 109657	 0	 5
4	 56948	 0	 3
0	 3471	 0	 0
2	 91434	 0	 3
6	 185067	 3	 5
0	 791	 0	 0
0	 279	 0	 0
0	 9856	 0	 0
3	 128294	 0	 3
1	 2864	 0	 1
0	 79	 0	 0
6	 20746	 0	 0
2	 103176	 0	 3
0	 25	 0	 0
0	 30	 0	 0
0	 150	 0	 0
4	 34618	 1	 1
2	 18505	 1	 2
0	 12104	 0	 1
4	 74420	 0	 2
7	 66461	 0	 3
0	 123	 0	 0
0	 91	 0	 0
0	 918	 1	 0
7	 102679	 0	 4
0	 7405	 0	 0
2	 10512	 0	 1
8	 129770	 1	 4
10	 143994	 1	 3
0	 1512	 0	 0
0	 13	 0	 0
1	 40886	 0	 2
5	 148819	 1	 9
1	 37248	 0	 1
5	 33151	 0	 2
10	 172968	 1	 10
11	 143306	 1	 6
