A	 C	 G	 T
10	 0	 0	 0
342	 0	 0	 0
21240	 0	 1	 1
162224	 3	 7	 9
38112	 0	 2	 0
3220	 0	 0	 0
145814	 0	 6	 5
163310	 1	 6	 6
77	 0	 0	 0
33	 0	 0	 0
1707	 0	 0	 0
109262	 0	 4	 3
56444	 0	 1	 5
2155	 0	 0	 0
87010	 0	 4	 2
183146	 0	 7	 6
750	 0	 0	 0
198	 0	 0	 0
9855	 0	 0	 2
127043	 0	 8	 5
1800	 0	 0	 0
59	 0	 0	 0
20616	 0	 0	 1
102574	 0	 3	 2
29	 0	 0	 0
29	 0	 0	 0
145	 0	 0	 0
34357	 0	 2	 0
11919	 0	 0	 2
7023	 0	 0	 0
74218	 0	 2	 3
64410	 1	 0	 1
123	 0	 0	 0
75	 0	 0	 0
915	 0	 0	 0
101934	 0	 2	 3
4462	 0	 1	 0
6777	 0	 0	 0
128875	 1	 1	 2
137961	 0	 4	 4
1497	 0	 0	 0
14	 0	 0	 0
40524	 0	 1	 1
146800	 0	 2	 4
23691	 0	 1	 0
19978	 0	 1	 0
171597	 0	 5	 6
141635	 0	 6	 4
