A	 C	 G	 T
1	 32	 127	 1
0	 1	 481	 0
3	 87	 21663	 15
15	 43	 159913	 70
2	 134	 38156	 26
2	 5	 5396	 4
18	 97	 142948	 71
13	 42	 166645	 63
1	 42	 198	 0
0	 7	 61	 0
1	 75	 1965	 4
12	 45	 108422	 67
6	 63	 56553	 20
0	 2	 3436	 1
8	 60	 90593	 42
12	 195	 183159	 68
0	 31	 890	 2
1	 3	 289	 0
1	 66	 9903	 8
8	 22	 127049	 51
1	 23	 2870	 3
0	 2	 85	 0
5	 71	 20758	 13
11	 50	 102142	 43
0	 39	 146	 2
0	 2	 40	 1
1	 76	 321	 0
8	 48	 34332	 18
2	 6	 18329	 8
1	 4	 11970	 12
6	 64	 73832	 31
49	 10186	 80071	 103
0	 29	 245	 1
0	 1	 114	 1
0	 43	 1005	 0
5	 34	 101500	 37
0	 7	 7350	 6
3	 2	 10361	 8
18	 120	 128724	 56
13	 55	 142585	 46
0	 31	 1607	 3
0	 0	 14	 0
6	 59	 40660	 23
8	 40	 147179	 64
2	 5	 36791	 17
3	 6	 32826	 15
24	 50	 171190	 76
7	 44	 141635	 55
