A	 C	 G	 T
0	 8	 0	 0
0	 298	 0	 0
0	 18070	 0	 2
1	 147520	 0	 13
0	 34009	 1	 5
0	 2888	 0	 1
0	 131033	 0	 14
3	 150606	 1	 16
0	 63	 0	 0
0	 30	 0	 0
0	 1314	 0	 0
0	 85724	 0	 11
0	 46425	 0	 7
0	 1920	 0	 0
2	 70052	 0	 9
3	 146181	 0	 12
0	 635	 0	 0
0	 180	 0	 0
0	 8119	 0	 2
0	 111391	 0	 15
0	 1652	 0	 0
0	 51	 0	 0
0	 19061	 0	 3
2	 94140	 3	 9
0	 22	 0	 0
0	 25	 0	 0
0	 120	 0	 0
2	 29773	 0	 3
0	 10251	 0	 0
0	 5513	 0	 1
1	 63768	 0	 15
11	 54863	 0	 13
0	 107	 0	 0
0	 62	 0	 0
0	 851	 0	 0
2	 69615	 0	 11
0	 4020	 1	 0
0	 6003	 0	 0
1	 111845	 0	 17
5	 122903	 0	 16
0	 1329	 0	 0
0	 14	 0	 0
1	 32120	 0	 3
0	 128420	 0	 14
1	 21726	 0	 2
0	 16610	 0	 2
2	 141691	 0	 14
0	 123931	 0	 15
