A	 C	 G	 T
120	 1	 13	 28
20	 0	 1	 443
349	 4	 52	 20776
123	 2	 9	 154980
421	 8	 47	 36777
18	 0	 1	 5215
257	 9	 37	 138740
138	 8	 6	 161635
141	 0	 11	 87
16	 0	 1	 54
278	 0	 46	 1679
136	 1	 27	 105093
221	 4	 22	 54745
12	 0	 0	 3330
151	 6	 27	 87855
511	 15	 54	 177499
106	 1	 20	 780
16	 0	 1	 259
188	 5	 21	 9538
81	 5	 9	 123228
58	 0	 5	 2752
5	 0	 0	 75
185	 3	 20	 19966
126	 6	 13	 99057
122	 3	 14	 47
14	 0	 0	 31
198	 3	 18	 178
125	 7	 13	 33232
19	 1	 1	 17817
18	 2	 3	 11616
155	 4	 20	 71568
19990	 246	 1612	 66879
117	 0	 30	 130
24	 0	 1	 86
123	 1	 10	 895
118	 8	 14	 98472
39	 1	 4	 7129
10	 1	 1	 10074
365	 5	 40	 124757
149	 5	 14	 138398
107	 0	 12	 1480
0	 0	 0	 14
185	 2	 16	 39384
93	 3	 9	 142870
14	 1	 1	 35850
16	 3	 2	 31882
130	 5	 24	 166196
109	 2	 16	 137486
