A	 C	 G	 T
0	 1168	 2	 1
0	 555	 2	 0
0	 24113	 24	 2
6	 169165	 150	 11
3	 42118	 33	 6
0	 5628	 2	 0
3	 152766	 144	 7
11	 174553	 161	 15
0	 998	 0	 0
0	 132	 0	 0
0	 3371	 5	 1
2	 113843	 84	 3
2	 60594	 49	 4
1	 3622	 5	 3
5	 95353	 87	 4
7	 193011	 184	 16
0	 1801	 2	 1
0	 356	 0	 1
2	 11688	 8	 1
6	 133108	 120	 9
1	 3169	 2	 1
1	 114	 0	 0
1	 22735	 17	 3
0	 107109	 100	 5
0	 1369	 3	 0
0	 102	 1	 0
0	 1309	 2	 0
2	 36763	 22	 4
1	 19142	 12	 5
1	 12577	 11	 3
4	 78168	 85	 8
15	 138897	 127	 14
2	 1112	 1	 1
0	 168	 0	 0
0	 1887	 4	 0
4	 106762	 96	 18
0	 7698	 5	 2
0	 10899	 13	 3
2	 135711	 110	 14
3	 149033	 126	 9
0	 2302	 2	 0
0	 16	 0	 0
3	 43293	 35	 2
7	 153929	 149	 10
0	 38873	 43	 9
2	 34100	 38	 7
13	 179292	 180	 15
8	 147992	 160	 8
