A	 C	 G	 T
0	 0	 12	 0
0	 0	 447	 0
5	 0	 21164	 1
7	 1	 156974	 4
0	 1	 37435	 1
0	 0	 5356	 1
2	 0	 136416	 12
5	 0	 165187	 4
0	 0	 72	 0
0	 0	 55	 0
0	 0	 1669	 1
5	 1	 107033	 6
4	 2	 55970	 5
0	 0	 3411	 0
3	 0	 89939	 5
8	 2	 182176	 9
0	 0	 779	 0
0	 0	 274	 0
0	 0	 9631	 1
7	 3	 125862	 13
0	 0	 2788	 1
0	 0	 80	 0
1	 0	 20446	 3
6	 0	 101645	 8
0	 0	 26	 0
0	 0	 30	 0
0	 0	 153	 0
2	 1	 34066	 3
0	 0	 18138	 4
0	 0	 11841	 1
2	 0	 72845	 5
4	 0	 65372	 9
0	 0	 115	 0
0	 0	 89	 0
0	 1	 906	 1
3	 2	 100603	 6
0	 0	 7218	 0
0	 0	 10284	 1
4	 1	 127505	 12
3	 3	 141915	 9
0	 0	 1475	 0
0	 0	 13	 0
1	 1	 40247	 4
2	 0	 146448	 7
0	 0	 35399	 10
5	 0	 32585	 10
5	 2	 170380	 18
5	 0	 141004	 11
