A	 C	 G	 T
3	 31	 3	 779
0	 2	 0	 386
3	 49	 7	 22789
1	 49	 4	 165018
5	 81	 3	 40394
0	 1	 0	 3317
0	 59	 3	 149057
0	 49	 3	 169831
0	 28	 5	 730
0	 3	 0	 76
2	 40	 3	 2907
1	 36	 0	 110964
1	 59	 5	 58503
0	 2	 0	 2209
1	 52	 2	 92534
5	 86	 5	 187254
1	 27	 2	 1442
0	 1	 0	 247
1	 41	 6	 10961
1	 41	 2	 129365
0	 4	 0	 1957
0	 1	 0	 81
1	 39	 5	 21694
1	 33	 9	 104426
1	 23	 7	 979
0	 3	 1	 68
0	 25	 5	 948
0	 32	 1	 35523
0	 7	 0	 12086
0	 3	 0	 7125
1	 37	 4	 75730
44	 1440	 37	 122313
1	 20	 4	 805
0	 3	 1	 115
0	 21	 2	 1591
0	 32	 1	 103410
0	 4	 0	 4559
0	 3	 1	 6854
1	 80	 1	 131524
0	 39	 7	 144821
1	 21	 1	 2021
0	 0	 0	 16
1	 30	 5	 41590
0	 43	 3	 148125
0	 4	 1	 24767
0	 7	 0	 20206
0	 63	 3	 173878
0	 49	 1	 143174
