A	 C	 G	 T
0	 10	 0	 0
0	 341	 0	 0
1	 21272	 0	 0
17	 162463	 0	 6
0	 38111	 0	 1
2	 3218	 0	 0
5	 146036	 0	 4
7	 163388	 0	 5
0	 77	 0	 0
0	 33	 0	 0
0	 1709	 0	 0
5	 109351	 2	 5
4	 56464	 1	 1
3	 2155	 0	 1
3	 87000	 0	 7
4	 183204	 0	 3
0	 749	 0	 0
0	 199	 0	 0
2	 9862	 0	 1
6	 127169	 1	 5
0	 1804	 0	 0
0	 59	 0	 0
2	 20623	 0	 0
8	 102649	 0	 6
0	 29	 0	 0
0	 29	 0	 0
0	 146	 0	 0
1	 34406	 0	 0
3	 11912	 0	 1
5	 7021	 0	 3
4	 74206	 1	 2
13	 64446	 0	 5
0	 123	 0	 0
0	 76	 0	 0
0	 913	 0	 0
2	 102052	 0	 1
3	 4469	 0	 0
4	 6774	 0	 1
5	 128853	 1	 3
6	 138111	 0	 5
0	 1495	 0	 0
0	 15	 0	 0
2	 40570	 0	 2
9	 146956	 0	 9
3	 23696	 0	 1
3	 19975	 0	 1
7	 171588	 2	 7
4	 141801	 0	 5
