A	 C	 G	 T
0	 0	 0	 1
0	 0	 0	 30
0	 0	 0	 1374
0	 0	 0	 15100
0	 0	 0	 3370
0	 1	 0	 253
0	 0	 0	 7467
0	 0	 0	 10290
0	 0	 0	 4
0	 0	 0	 1
0	 0	 0	 128
0	 0	 0	 4158
0	 0	 0	 4717
0	 0	 0	 283
0	 0	 0	 5160
0	 0	 0	 10787
0	 0	 0	 58
0	 0	 0	 22
0	 0	 0	 692
0	 0	 0	 21118
0	 0	 0	 127
0	 0	 0	 2
0	 0	 0	 2383
0	 0	 0	 13537
0	 0	 0	 3
0	 0	 0	 3
0	 0	 0	 1
0	 0	 0	 3795
0	 0	 0	 867
0	 0	 0	 470
0	 0	 0	 4367
0	 0	 0	 5781
0	 0	 0	 14
0	 0	 0	 7
0	 0	 0	 81
0	 0	 0	 6686
0	 0	 0	 227
0	 0	 0	 498
1	 0	 0	 9949
0	 0	 0	 14329
0	 0	 0	 97
0	 0	 0	 1
0	 0	 0	 1065
0	 0	 0	 28019
0	 0	 0	 2289
0	 0	 0	 893
0	 0	 0	 7482
0	 0	 0	 1988
