A	 C	 G	 T
9	 0	 0	 0
253	 0	 0	 0
15104	 0	 0	 0
130073	 0	 0	 0
28962	 0	 1	 0
2587	 0	 0	 0
107000	 0	 0	 1
139954	 0	 0	 0
51	 0	 0	 0
27	 0	 0	 0
1111	 0	 0	 0
72518	 0	 0	 0
39365	 0	 0	 0
1637	 0	 1	 0
62099	 0	 0	 0
127249	 0	 0	 0
592	 0	 0	 0
149	 0	 0	 0
6612	 0	 0	 0
99688	 1	 0	 0
1375	 0	 0	 0
48	 0	 0	 0
16078	 0	 0	 0
79956	 0	 0	 0
17	 0	 0	 0
22	 0	 0	 0
101	 0	 0	 0
26402	 0	 0	 0
9422	 0	 0	 0
4776	 0	 0	 0
54327	 0	 1	 1
48897	 0	 1	 0
100	 0	 0	 0
47	 0	 0	 0
736	 0	 0	 0
64060	 0	 0	 0
3575	 0	 0	 0
5456	 0	 0	 0
103987	 1	 0	 0
106890	 0	 1	 0
1241	 0	 0	 0
7	 0	 0	 0
25719	 0	 0	 0
109853	 0	 1	 0
18600	 0	 0	 0
13841	 0	 0	 0
122176	 0	 1	 0
106201	 0	 0	 0
