A	 C	 G	 T
0	 10	 0	 0
0	 334	 0	 0
1	 20566	 0	 3
3	 159290	 0	 3
2	 37208	 0	 4
0	 3189	 0	 0
5	 142650	 0	 4
8	 164065	 0	 1
0	 74	 0	 0
0	 32	 0	 0
0	 1661	 0	 0
0	 106415	 0	 4
0	 54462	 0	 0
0	 2108	 0	 0
2	 88680	 0	 1
4	 176711	 0	 2
0	 756	 0	 0
0	 190	 0	 0
0	 9583	 0	 0
1	 125332	 1	 3
0	 1775	 0	 0
0	 58	 0	 0
0	 20200	 0	 1
1	 100509	 0	 0
0	 26	 0	 0
0	 30	 0	 0
0	 137	 0	 0
2	 33416	 0	 1
0	 11683	 0	 1
0	 6809	 0	 0
1	 72368	 0	 1
3	 64650	 2	 2
0	 119	 0	 0
0	 73	 0	 0
0	 904	 0	 0
3	 98153	 0	 2
0	 4364	 0	 0
0	 6624	 0	 0
3	 126602	 0	 4
6	 140102	 0	 6
0	 1471	 0	 0
0	 15	 0	 0
1	 39029	 0	 1
4	 143193	 0	 2
0	 24029	 0	 0
1	 19454	 0	 1
2	 167827	 0	 3
0	 137286	 0	 1
