A	 C	 G	 T
0	 11	 0	 0
0	 457	 0	 0
1	 21522	 0	 0
11	 160568	 1	 2
3	 37999	 0	 1
0	 5429	 0	 1
6	 143123	 0	 6
17	 167594	 2	 4
0	 76	 0	 0
0	 55	 0	 0
0	 1710	 0	 0
6	 108744	 0	 1
4	 56760	 0	 1
0	 3462	 0	 0
5	 91132	 1	 1
15	 184402	 0	 3
0	 793	 0	 0
0	 277	 0	 0
0	 9816	 0	 1
7	 127863	 0	 4
0	 2851	 0	 0
0	 81	 0	 0
1	 20699	 0	 1
7	 102854	 0	 8
0	 25	 0	 0
0	 29	 0	 0
0	 149	 0	 0
2	 34508	 1	 0
2	 18448	 0	 1
0	 12061	 0	 0
7	 74167	 0	 0
4	 66230	 1	 3
0	 120	 0	 0
0	 88	 0	 0
0	 921	 0	 0
8	 102268	 0	 2
0	 7339	 0	 0
1	 10470	 0	 2
4	 129383	 0	 7
12	 143023	 1	 6
0	 1503	 0	 0
0	 12	 0	 0
4	 40756	 0	 0
5	 148416	 0	 8
0	 36661	 0	 1
5	 33058	 0	 3
10	 172417	 0	 5
7	 142340	 2	 4
