A	 C	 G	 T
0	 0	 0	 9
0	 0	 0	 311
0	 0	 0	 19296
1	 4	 1	 147888
0	 0	 1	 34691
0	 0	 0	 2943
2	 2	 3	 132803
0	 3	 4	 148627
0	 0	 0	 65
0	 0	 0	 31
0	 0	 0	 1536
0	 1	 3	 99570
0	 0	 1	 51116
0	 0	 0	 1971
0	 1	 3	 79182
0	 1	 6	 166208
0	 0	 0	 668
0	 0	 0	 175
0	 1	 0	 8976
0	 0	 3	 115549
0	 0	 0	 1641
0	 0	 0	 52
0	 0	 0	 18825
0	 5	 3	 93604
0	 0	 0	 25
0	 0	 0	 27
0	 0	 0	 134
0	 0	 0	 31241
0	 0	 0	 10846
0	 0	 0	 6324
0	 0	 3	 67639
0	 1	 1	 58437
0	 0	 0	 119
0	 0	 0	 65
0	 0	 0	 829
0	 1	 0	 92170
0	 0	 0	 4023
0	 0	 0	 6105
0	 0	 3	 117826
0	 0	 3	 126297
0	 0	 0	 1357
0	 0	 0	 13
1	 1	 3	 36689
1	 1	 2	 134105
0	 1	 0	 21646
0	 0	 0	 18074
0	 0	 3	 156175
0	 1	 2	 129818
