A	 C	 G	 T
10	 0	 0	 0
319	 0	 0	 0
20142	 0	 0	 0
153809	 0	 0	 0
35960	 0	 0	 0
3049	 0	 0	 0
138129	 0	 0	 1
153963	 0	 0	 1
69	 0	 0	 0
32	 0	 0	 0
1604	 0	 0	 0
103431	 0	 0	 0
53347	 0	 0	 1
2021	 0	 0	 0
82112	 1	 0	 0
173299	 1	 0	 0
682	 0	 0	 0
189	 0	 0	 0
9302	 0	 0	 0
121225	 2	 0	 0
1726	 0	 0	 1
56	 0	 0	 0
19524	 0	 0	 0
97280	 0	 0	 0
22	 0	 0	 0
27	 0	 0	 0
134	 0	 0	 0
32516	 0	 0	 0
11149	 1	 0	 1
6593	 0	 0	 0
69890	 0	 0	 0
60862	 1	 0	 0
118	 0	 0	 0
64	 0	 0	 0
860	 0	 0	 0
96172	 0	 0	 0
4208	 0	 0	 0
6312	 0	 0	 0
121303	 0	 0	 1
131520	 1	 0	 0
1397	 0	 0	 0
14	 0	 0	 0
38255	 1	 0	 0
140000	 0	 0	 0
22398	 0	 0	 0
18798	 0	 0	 0
162145	 0	 0	 2
133935	 1	 0	 1
