A	 C	 G	 T
0	 1	 5	 0
0	 0	 99	 0
9	 0	 5932	 2
57	 6	 51028	 5
15	 4	 10316	 1
3	 0	 872	 1
55	 6	 35287	 2
49	 6	 64426	 8
0	 0	 18	 0
1	 0	 10	 0
1	 0	 321	 0
34	 3	 23461	 1
16	 3	 14461	 4
1	 0	 584	 0
27	 1	 20222	 3
59	 4	 47837	 3
0	 1	 228	 2
0	 0	 52	 0
4	 3	 2096	 0
46	 7	 36616	 3
1	 0	 445	 0
0	 0	 22	 0
7	 1	 5746	 3
38	 4	 28430	 14
0	 0	 7	 0
0	 0	 8	 0
0	 0	 41	 0
16	 2	 10747	 0
4	 0	 3504	 0
1	 0	 1760	 0
14	 2	 18894	 3
21	 17	 17075	 18
0	 0	 33	 1
0	 0	 16	 0
2	 0	 287	 0
29	 1	 22916	 2
1	 0	 1579	 0
1	 0	 2165	 1
49	 3	 40676	 1
46	 2	 35688	 3
0	 0	 487	 1
0	 0	 2	 0
19	 1	 8113	 2
45	 5	 44281	 7
8	 0	 6874	 0
10	 0	 4673	 0
61	 4	 41716	 5
31	 3	 45108	 7
