A	 C	 G	 T
2	 1	 921	 1
0	 0	 489	 0
5	 6	 21279	 17
21	 4	 148365	 41
11	 2	 37190	 24
4	 1	 5083	 2
11	 6	 134209	 46
21	 7	 154877	 52
5	 1	 776	 3
0	 0	 102	 1
2	 4	 2867	 7
19	 0	 101261	 30
8	 2	 53813	 44
1	 0	 3228	 4
16	 2	 84654	 34
17	 9	 171349	 73
0	 0	 1509	 2
0	 0	 306	 2
10	 0	 10237	 10
17	 1	 118645	 28
1	 0	 2816	 2
0	 0	 101	 0
2	 6	 20101	 6
10	 3	 95255	 31
0	 3	 1084	 3
0	 0	 85	 0
3	 8	 1044	 2
5	 3	 32657	 11
1	 0	 17164	 12
2	 0	 11166	 4
6	 3	 69301	 34
87	 181	 117675	 246
0	 0	 902	 0
0	 0	 140	 1
1	 0	 1588	 4
13	 3	 94667	 33
0	 0	 6924	 5
6	 0	 9705	 8
19	 3	 120462	 48
14	 2	 132368	 49
5	 2	 1965	 5
0	 0	 13	 0
12	 2	 38389	 18
19	 1	 136920	 46
8	 1	 34570	 18
8	 1	 30605	 16
17	 0	 159886	 67
16	 2	 131681	 53
