A	 C	 G	 T
462	 84	 1	 8
315	 3	 0	 0
15734	 172	 3	 7
135822	 73	 7	 12
33001	 246	 2	 19
2643	 4	 0	 2
127614	 163	 7	 5
137955	 87	 4	 1
454	 83	 0	 3
51	 8	 0	 0
2137	 156	 0	 7
89502	 74	 0	 9
46086	 134	 2	 10
1782	 3	 0	 1
75851	 104	 2	 6
141547	 325	 3	 13
1068	 68	 1	 2
192	 4	 0	 1
8968	 125	 0	 5
104013	 55	 1	 3
1597	 27	 0	 3
61	 2	 0	 0
17655	 129	 2	 10
79497	 92	 4	 5
688	 94	 0	 6
42	 7	 0	 1
564	 120	 0	 5
29047	 92	 0	 4
10264	 9	 0	 1
5587	 5	 0	 1
63398	 112	 5	 4
83311	 13594	 25	 403
533	 70	 1	 3
84	 4	 0	 1
1186	 82	 0	 2
74574	 60	 2	 3
3638	 13	 0	 0
5635	 9	 1	 0
111790	 211	 4	 5
120515	 86	 5	 4
1619	 60	 2	 5
13	 0	 0	 0
31726	 92	 1	 4
107689	 61	 3	 4
20133	 4	 2	 1
15686	 7	 3	 0
137124	 98	 3	 6
99118	 64	 5	 2
