A	 C	 G	 T
8	 0	 0	 0
390	 0	 0	 0
18888	 1	 0	 1
135730	 0	 1	 0
33040	 0	 0	 1
4812	 0	 0	 0
112391	 0	 1	 0
145569	 0	 5	 0
62	 0	 0	 0
51	 0	 0	 0
1450	 0	 0	 0
93969	 0	 1	 1
49695	 0	 0	 0
3026	 0	 0	 0
80058	 0	 0	 0
162227	 0	 3	 2
668	 0	 0	 0
238	 0	 0	 0
8506	 0	 0	 0
111290	 0	 2	 0
2497	 0	 0	 0
69	 0	 0	 0
18091	 0	 0	 0
90753	 0	 2	 0
21	 0	 0	 0
28	 0	 0	 0
133	 0	 0	 0
30455	 0	 2	 0
16152	 0	 0	 0
10374	 0	 0	 0
64088	 0	 1	 1
58093	 0	 0	 0
101	 0	 0	 0
70	 0	 0	 0
816	 0	 0	 0
88973	 0	 1	 0
6354	 0	 0	 0
9153	 0	 0	 0
113050	 1	 1	 1
127028	 1	 1	 0
1304	 0	 0	 0
11	 0	 0	 0
35855	 1	 1	 0
130166	 0	 1	 0
29050	 0	 0	 1
28969	 0	 1	 0
151220	 1	 1	 1
125667	 0	 1	 0
