A	 C	 G	 T
0	 9	 0	 0
0	 308	 0	 0
0	 17957	 0	 0
8	 138089	 0	 3
0	 32584	 0	 2
1	 2760	 0	 0
8	 123566	 1	 6
4	 139102	 0	 4
0	 64	 0	 0
0	 31	 0	 0
0	 1428	 0	 0
3	 92596	 0	 9
1	 47996	 1	 3
0	 1828	 0	 0
1	 73609	 0	 2
3	 154763	 1	 3
1	 627	 0	 0
0	 176	 0	 0
0	 8373	 0	 0
6	 108739	 0	 2
0	 1511	 0	 0
0	 50	 0	 0
1	 16946	 1	 3
1	 83320	 0	 4
0	 21	 0	 0
0	 23	 0	 0
0	 122	 0	 0
1	 29583	 0	 2
3	 10097	 0	 1
2	 5863	 0	 1
2	 62419	 0	 5
1	 54719	 2	 2
0	 100	 0	 0
0	 59	 0	 0
0	 795	 0	 0
1	 83933	 0	 6
0	 3787	 0	 0
1	 5694	 0	 1
1	 108784	 0	 2
6	 118655	 1	 1
1	 1253	 0	 0
0	 13	 0	 0
0	 34056	 1	 5
3	 124572	 1	 5
5	 20237	 0	 1
1	 16864	 0	 1
2	 144363	 0	 3
5	 119272	 0	 1
