A	 C	 G	 T
0	 0	 12	 0
0	 0	 448	 0
1	 0	 20692	 4
4	 0	 151501	 21
1	 0	 36484	 5
0	 0	 5231	 1
6	 1	 129993	 3
8	 0	 161143	 17
0	 0	 66	 0
0	 0	 54	 0
1	 0	 1607	 0
8	 1	 104020	 9
0	 1	 54714	 7
0	 0	 3310	 2
1	 4	 87879	 5
5	 2	 178074	 9
0	 0	 755	 0
0	 0	 268	 0
0	 1	 9354	 16
4	 0	 122763	 22
1	 0	 2702	 0
0	 0	 80	 0
0	 0	 20012	 1
2	 0	 99623	 13
0	 0	 26	 0
0	 0	 31	 0
0	 0	 150	 0
2	 0	 33333	 1
0	 0	 17644	 11
0	 0	 11566	 2
1	 0	 71128	 34
2	 5	 63977	 24
0	 0	 115	 0
0	 0	 84	 1
0	 0	 888	 0
6	 1	 98036	 2
1	 0	 7059	 0
0	 0	 10051	 21
10	 0	 124581	 18
2	 1	 139052	 8
0	 0	 1448	 0
0	 0	 11	 0
1	 0	 39271	 6
2	 2	 143037	 15
1	 0	 33385	 12
0	 0	 31880	 4
7	 1	 166468	 14
10	 3	 137733	 4
