A	 C	 G	 T
0	 0	 0	 0
0	 0	 1	 0
0	 0	 4	 0
0	 0	 46	 1
0	 0	 14	 0
0	 0	 0	 0
0	 0	 40	 0
0	 0	 58	 1
0	 0	 0	 0
0	 0	 0	 0
0	 0	 0	 0
0	 0	 17	 0
0	 0	 16	 0
0	 0	 1	 0
0	 0	 21	 0
0	 0	 63	 1
0	 0	 0	 0
0	 0	 0	 0
0	 0	 4	 0
0	 0	 31	 0
0	 0	 0	 0
0	 0	 0	 0
0	 0	 9	 0
0	 0	 32	 0
0	 0	 0	 0
0	 0	 0	 0
0	 0	 0	 0
1	 0	 13	 0
0	 0	 5	 0
0	 0	 1	 0
0	 0	 24	 0
0	 0	 37	 0
0	 0	 0	 0
0	 0	 0	 0
0	 0	 0	 0
0	 0	 19	 0
0	 0	 0	 0
0	 0	 4	 0
0	 0	 31	 0
0	 0	 45	 0
0	 0	 0	 0
0	 0	 0	 0
0	 0	 8	 0
0	 0	 41	 1
0	 0	 9	 0
0	 0	 9	 0
0	 0	 35	 1
0	 0	 45	 0
