A	 C	 G	 T
0	 7	 0	 0
0	 257	 0	 0
0	 15999	 0	 0
1	 124478	 0	 8
3	 27769	 0	 3
0	 2486	 0	 0
4	 108839	 0	 2
2	 128165	 0	 6
0	 57	 0	 0
0	 24	 0	 0
0	 1282	 0	 0
5	 79536	 0	 3
0	 41959	 0	 2
0	 1601	 0	 0
1	 62699	 0	 4
8	 133446	 0	 10
0	 524	 0	 0
0	 145	 0	 0
1	 6511	 0	 0
0	 97826	 0	 7
0	 1427	 0	 0
0	 45	 0	 0
1	 15487	 0	 1
0	 78145	 0	 4
0	 18	 0	 0
0	 21	 0	 0
0	 108	 0	 0
0	 26195	 0	 2
0	 8318	 0	 1
1	 5286	 0	 0
1	 54858	 0	 3
2	 47474	 0	 3
0	 94	 0	 0
0	 47	 0	 0
0	 713	 0	 0
7	 73811	 0	 5
1	 3380	 0	 0
0	 4945	 0	 0
1	 91636	 0	 3
9	 105695	 0	 6
0	 1033	 0	 0
0	 6	 0	 0
1	 29568	 0	 1
1	 112798	 0	 6
2	 17808	 0	 2
0	 14375	 0	 0
4	 123316	 0	 5
0	 109552	 0	 3
