A	 C	 G	 T
0	 0	 0	 10
0	 0	 0	 314
0	 0	 0	 17972
1	 4	 0	 142374
0	 1	 0	 33789
0	 0	 0	 2867
0	 1	 0	 129877
1	 1	 1	 142540
0	 0	 0	 68
0	 0	 0	 29
0	 0	 0	 1501
0	 1	 0	 93887
1	 1	 0	 49046
0	 0	 0	 1891
0	 1	 1	 75288
0	 2	 0	 157161
0	 0	 0	 648
0	 0	 0	 175
0	 1	 0	 8647
0	 4	 0	 112094
0	 0	 0	 1608
0	 0	 0	 54
0	 1	 0	 17713
0	 0	 1	 87357
0	 0	 0	 22
0	 0	 0	 25
0	 0	 0	 121
0	 0	 0	 30272
0	 0	 0	 10632
0	 0	 0	 6163
0	 0	 0	 65153
0	 1	 0	 56226
0	 0	 0	 110
0	 0	 0	 63
0	 0	 0	 788
0	 1	 0	 87737
0	 0	 0	 3902
0	 0	 0	 5944
0	 1	 0	 113192
1	 4	 0	 123071
0	 0	 0	 1308
0	 0	 0	 12
0	 1	 0	 34388
0	 2	 0	 125763
0	 0	 0	 21362
0	 0	 0	 17253
0	 3	 0	 146281
0	 3	 1	 120781
