A	 C	 G	 T
11	 0	 0	 0
459	 0	 0	 0
21472	 1	 0	 1
160609	 2	 2	 2
38057	 3	 3	 0
5434	 0	 0	 0
140684	 3	 6	 1
167870	 2	 4	 2
78	 0	 0	 0
56	 0	 0	 0
1696	 0	 0	 0
108939	 3	 5	 0
56850	 1	 0	 0
3468	 1	 0	 0
91267	 3	 3	 1
184923	 7	 4	 5
791	 0	 0	 0
277	 0	 0	 0
9829	 0	 0	 0
127998	 3	 2	 1
2845	 0	 0	 1
81	 0	 0	 0
20715	 1	 0	 1
103146	 0	 3	 2
26	 0	 0	 0
31	 0	 0	 0
152	 0	 0	 0
34585	 0	 1	 0
18441	 1	 2	 1
12064	 0	 0	 0
74278	 1	 1	 0
66411	 1	 1	 1
121	 0	 0	 0
90	 0	 0	 0
927	 0	 0	 0
102326	 2	 2	 1
7361	 0	 0	 1
10480	 1	 2	 0
129545	 1	 3	 0
143841	 3	 2	 2
1509	 0	 1	 0
13	 0	 0	 0
40873	 1	 2	 0
148607	 5	 2	 1
36327	 1	 1	 0
33048	 3	 1	 0
172747	 2	 5	 2
143068	 0	 3	 2
