A	 C	 G	 T
0	 13	 0	 4
0	 267	 1	 2
4	 13692	 1	 10
9	 135868	 1	 7
9	 29695	 3	 5
0	 2668	 0	 0
8	 110395	 1	 15
3	 145161	 3	 21
5	 51	 1	 2
1	 32	 0	 0
2	 1049	 0	 1
7	 66748	 1	 9
6	 36384	 7	 7
0	 1653	 0	 0
2	 58669	 3	 6
9	 114001	 3	 20
1	 605	 0	 4
0	 159	 0	 0
1	 6401	 1	 4
4	 93088	 2	 19
1	 1436	 0	 0
0	 46	 0	 0
0	 17143	 0	 0
4	 85727	 0	 13
0	 18	 5	 0
0	 26	 0	 0
5	 101	 0	 0
2	 24430	 1	 5
1	 9666	 1	 0
0	 4387	 0	 0
3	 53764	 0	 8
26	 45573	 10	 35
0	 90	 1	 1
0	 45	 0	 0
0	 793	 0	 1
3	 55921	 1	 3
0	 3653	 0	 0
2	 5619	 0	 0
11	 103831	 2	 11
6	 109160	 3	 11
4	 1341	 0	 0
0	 9	 0	 0
2	 23362	 0	 3
4	 101264	 1	 16
2	 19624	 0	 3
2	 12879	 0	 2
8	 113205	 1	 21
7	 98642	 0	 6
