A	 C	 G	 T
0	 11	 0	 0
0	 438	 0	 0
2	 20650	 2	 4
2	 154997	 2	 11
0	 36741	 1	 5
0	 5161	 0	 0
2	 138938	 2	 11
22	 161520	 2	 8
0	 72	 0	 0
0	 52	 0	 0
0	 1634	 0	 0
5	 104662	 0	 5
6	 54491	 1	 6
0	 3326	 1	 0
5	 87655	 3	 7
5	 177030	 5	 12
0	 768	 0	 0
0	 254	 0	 0
0	 9490	 0	 2
3	 123042	 0	 19
0	 2738	 0	 0
0	 77	 0	 0
2	 19895	 0	 1
4	 98802	 3	 12
3	 24	 0	 0
0	 30	 1	 0
0	 147	 0	 0
1	 33123	 0	 3
0	 17769	 0	 2
0	 11578	 1	 0
11	 71420	 1	 9
16	 63813	 20	 8
0	 120	 0	 0
0	 85	 0	 0
0	 879	 0	 0
5	 98196	 1	 7
1	 7072	 0	 0
0	 10066	 0	 2
3	 124367	 5	 7
4	 137743	 2	 8
0	 1458	 0	 0
0	 13	 0	 0
1	 39268	 1	 5
4	 142543	 0	 14
1	 35860	 2	 3
1	 31774	 0	 1
18	 165661	 4	 21
5	 137073	 4	 11
