A	 C	 G	 T
0	 0	 0	 0
8	 0	 0	 0
176	 0	 0	 0
3717	 0	 0	 0
1004	 0	 0	 0
94	 0	 0	 0
4844	 1	 0	 0
5373	 3	 0	 0
2	 0	 0	 0
0	 0	 0	 0
14	 0	 0	 0
549	 0	 0	 0
581	 0	 0	 0
15	 0	 0	 0
379	 0	 0	 0
870	 1	 0	 0
1	 0	 0	 0
5	 0	 0	 0
133	 0	 0	 0
1485	 1	 0	 0
48	 0	 0	 0
0	 0	 0	 0
407	 0	 0	 0
1590	 1	 0	 0
1	 0	 0	 0
0	 0	 0	 0
0	 0	 0	 0
456	 0	 0	 0
21	 0	 0	 0
47	 0	 0	 0
1466	 0	 0	 0
317	 0	 0	 0
1	 0	 0	 0
0	 0	 0	 0
23	 0	 0	 0
398	 1	 0	 0
65	 0	 0	 0
64	 0	 0	 0
369	 1	 0	 0
2071	 0	 0	 0
2	 0	 0	 0
0	 0	 0	 0
174	 0	 0	 0
1861	 2	 0	 0
570	 1	 0	 0
72	 0	 0	 0
542	 0	 0	 0
2592	 1	 0	 0
