A	 C	 G	 T
0	 11	 0	 0
0	 343	 0	 0
3	 21268	 0	 1
7	 163576	 0	 2
0	 38333	 0	 0
0	 3252	 0	 0
10	 147086	 0	 2
18	 168434	 0	 2
0	 76	 0	 0
0	 33	 0	 0
0	 1715	 0	 0
5	 109671	 0	 3
4	 56633	 0	 0
0	 2177	 0	 0
0	 91260	 0	 2
17	 183743	 0	 11
0	 780	 0	 0
0	 202	 0	 0
0	 9928	 0	 1
7	 128437	 1	 5
0	 1815	 0	 0
0	 60	 0	 0
1	 20743	 0	 0
8	 103357	 0	 3
0	 28	 0	 0
0	 29	 0	 0
0	 143	 0	 0
1	 34448	 0	 8
3	 11992	 0	 1
1	 7034	 0	 0
3	 74614	 0	 2
9	 66347	 1	 1
0	 125	 0	 0
0	 75	 0	 0
0	 921	 0	 0
5	 102021	 0	 6
1	 4488	 0	 1
0	 6803	 0	 1
6	 129719	 0	 2
4	 143603	 0	 4
0	 1511	 0	 0
0	 15	 0	 0
2	 40608	 0	 3
5	 147585	 0	 2
1	 24658	 0	 1
3	 20033	 0	 4
15	 172360	 0	 2
7	 141731	 0	 5
