A	 C	 G	 T
7	 0	 0	 0
266	 0	 0	 0
14004	 0	 0	 0
127904	 1	 4	 1
30083	 0	 0	 0
2613	 0	 0	 0
113319	 2	 2	 1
126208	 0	 2	 0
55	 0	 0	 0
26	 0	 0	 0
1391	 0	 0	 0
89501	 0	 2	 0
44849	 0	 0	 0
1716	 0	 0	 0
71894	 0	 2	 1
151822	 0	 1	 0
626	 0	 0	 0
162	 0	 0	 0
7807	 0	 0	 0
102915	 0	 0	 2
1425	 0	 0	 0
50	 0	 0	 0
16062	 0	 0	 0
77214	 1	 1	 0
20	 0	 0	 0
22	 0	 0	 0
119	 0	 0	 0
30093	 0	 0	 0
9671	 0	 1	 0
5611	 0	 0	 0
59806	 0	 3	 0
52339	 0	 0	 0
100	 0	 0	 0
55	 0	 0	 0
727	 0	 0	 0
80952	 1	 2	 0
3453	 0	 0	 0
5267	 0	 0	 1
104453	 0	 3	 0
111488	 1	 0	 0
1243	 0	 0	 0
12	 0	 0	 0
33336	 0	 0	 0
120046	 0	 2	 0
18621	 0	 0	 0
16409	 0	 1	 0
143989	 0	 4	 0
115396	 0	 0	 0
