A	 C	 G	 T
0	 0	 11	 0
0	 0	 450	 0
2	 0	 21102	 1
9	 4	 156812	 5
3	 2	 37427	 1
1	 0	 5262	 0
10	 1	 139566	 0
8	 2	 164796	 2
0	 0	 73	 0
0	 0	 56	 0
0	 0	 1674	 0
11	 3	 106169	 6
2	 4	 55714	 4
0	 0	 3397	 1
3	 1	 89608	 3
15	 1	 180895	 9
0	 0	 783	 0
0	 0	 265	 0
1	 0	 9671	 0
7	 2	 125453	 6
0	 0	 2790	 0
0	 0	 78	 0
2	 0	 20341	 0
15	 1	 100961	 2
0	 0	 24	 0
0	 0	 30	 0
0	 0	 151	 0
1	 0	 33888	 0
1	 0	 18132	 2
1	 0	 11822	 3
3	 1	 72882	 5
8	 7	 65139	 7
0	 0	 122	 0
0	 0	 86	 0
0	 0	 900	 1
3	 1	 100286	 4
1	 0	 7154	 0
0	 0	 10265	 0
11	 2	 127069	 8
14	 3	 140245	 3
0	 0	 1484	 0
0	 0	 13	 0
5	 0	 40130	 1
10	 1	 145577	 2
1	 0	 35953	 2
2	 0	 32424	 1
12	 6	 169198	 7
12	 3	 139326	 6
