A	 C	 G	 T
0	 0	 10	 0
0	 0	 313	 0
0	 1	 17942	 6
8	 1	 142515	 29
1	 0	 33843	 9
0	 0	 2874	 1
8	 1	 129844	 28
6	 3	 142529	 30
0	 0	 67	 0
0	 0	 30	 0
0	 0	 1506	 1
5	 0	 93705	 23
4	 1	 49004	 14
0	 0	 1897	 0
4	 2	 75097	 21
7	 0	 156879	 16
0	 0	 649	 0
0	 0	 179	 0
0	 0	 8628	 8
10	 3	 112203	 31
0	 0	 1613	 0
0	 0	 54	 0
3	 0	 17695	 12
4	 2	 87383	 37
0	 0	 24	 0
0	 0	 24	 0
0	 0	 121	 0
2	 0	 30256	 14
1	 0	 10635	 0
0	 0	 6158	 3
4	 1	 65005	 30
5	 2	 56177	 45
0	 0	 111	 0
0	 0	 62	 0
0	 0	 785	 0
7	 2	 87354	 23
0	 0	 3916	 1
0	 0	 5946	 0
6	 0	 113168	 25
8	 2	 123226	 21
0	 0	 1309	 0
0	 0	 12	 0
4	 0	 34256	 10
5	 2	 125669	 43
1	 1	 21275	 1
1	 1	 17225	 1
10	 0	 145914	 28
9	 2	 120717	 32
