A	 C	 G	 T
0	 1	 6	 0
1	 0	 99	 0
2	 0	 5949	 0
16	 2	 51109	 7
4	 0	 10353	 0
0	 0	 878	 0
12	 1	 35381	 8
18	 3	 64544	 8
0	 0	 18	 0
0	 0	 11	 0
0	 0	 324	 0
5	 0	 23545	 4
4	 2	 14504	 2
2	 0	 583	 0
12	 2	 20302	 1
18	 5	 47966	 10
2	 0	 229	 0
0	 0	 52	 0
1	 0	 2103	 0
9	 3	 36721	 4
0	 0	 447	 0
0	 0	 22	 0
4	 0	 5757	 0
9	 0	 28515	 4
2	 0	 7	 0
0	 0	 9	 0
0	 0	 41	 0
4	 0	 10777	 3
1	 1	 3505	 0
0	 0	 1765	 0
9	 1	 18927	 3
26	 6	 17131	 7
1	 0	 33	 0
0	 0	 16	 0
0	 0	 289	 1
4	 0	 22996	 2
0	 0	 1583	 0
1	 0	 2168	 0
9	 1	 40775	 4
14	 1	 35791	 6
2	 0	 486	 0
0	 0	 2	 0
7	 0	 8148	 1
13	 1	 44378	 8
3	 1	 6891	 0
1	 0	 4689	 1
10	 2	 41855	 8
18	 2	 45208	 8
