A	 C	 G	 T
0	 6	 0	 0
0	 281	 0	 0
1	 16206	 0	 0
4	 121943	 0	 1
0	 28837	 0	 0
0	 2406	 0	 0
4	 110197	 0	 1
4	 120801	 0	 1
0	 53	 0	 0
0	 28	 0	 0
0	 1298	 0	 0
0	 82528	 0	 0
1	 43077	 0	 1
0	 1623	 0	 0
0	 66155	 0	 3
0	 139253	 0	 0
0	 562	 0	 0
0	 148	 0	 0
0	 7395	 0	 0
0	 98252	 0	 2
0	 1358	 0	 0
0	 49	 0	 0
0	 15887	 0	 0
0	 78101	 0	 0
0	 19	 0	 0
0	 21	 0	 0
0	 98	 0	 0
0	 26304	 0	 0
2	 8996	 0	 1
0	 5269	 0	 0
3	 56074	 0	 0
6	 49108	 0	 0
1	 93	 0	 0
0	 55	 0	 0
0	 671	 0	 0
3	 77218	 0	 1
0	 3330	 0	 0
1	 5015	 0	 0
1	 97590	 0	 0
1	 107288	 0	 2
0	 1113	 0	 0
0	 11	 0	 0
1	 30511	 0	 1
4	 111110	 0	 0
2	 17915	 0	 0
1	 14990	 0	 2
2	 129214	 0	 0
4	 105203	 0	 0
