A	 C	 G	 T
0	 0	 11	 0
0	 0	 457	 0
1	 0	 21670	 0
11	 3	 161828	 3
4	 0	 38390	 1
1	 0	 5463	 1
20	 5	 145042	 6
17	 2	 168941	 2
0	 0	 76	 0
0	 0	 56	 0
0	 0	 1724	 0
12	 2	 109553	 9
3	 2	 57192	 3
1	 0	 3501	 0
7	 1	 91853	 1
19	 0	 185671	 3
0	 0	 794	 0
0	 0	 277	 0
1	 0	 9914	 0
14	 1	 128890	 5
0	 0	 2867	 1
0	 0	 78	 0
4	 0	 20856	 1
6	 0	 103748	 5
0	 0	 27	 0
0	 0	 30	 0
0	 0	 153	 0
5	 2	 34755	 1
0	 0	 18639	 4
1	 1	 12200	 0
6	 0	 74814	 0
7	 9	 66816	 13
0	 0	 123	 0
0	 0	 85	 0
1	 0	 922	 0
12	 1	 103062	 3
1	 1	 7409	 1
1	 2	 10581	 2
10	 0	 130373	 9
13	 0	 143997	 10
0	 0	 1522	 0
0	 0	 13	 0
1	 0	 41121	 4
19	 1	 149540	 8
4	 0	 37378	 2
3	 0	 33338	 0
16	 3	 173765	 12
23	 1	 143847	 7
