A	 C	 G	 T
426	 177	 1	 5
20	 357	 0	 2
739	 21456	 0	 28
387	 163872	 3	 26
960	 38850	 4	 29
23	 3267	 0	 1
639	 147889	 5	 26
321	 168870	 2	 22
323	 243	 0	 7
21	 44	 0	 0
581	 1999	 0	 22
363	 108780	 1	 18
698	 56622	 4	 35
15	 2185	 0	 0
386	 90986	 0	 14
888	 181873	 3	 65
359	 914	 1	 15
28	 205	 0	 2
490	 10165	 1	 8
256	 128160	 3	 23
68	 1858	 1	 4
13	 64	 0	 0
420	 21000	 0	 13
327	 103442	 3	 18
493	 282	 2	 10
19	 37	 0	 0
373	 356	 2	 11
413	 34663	 2	 13
43	 12024	 1	 0
16	 6972	 0	 1
412	 74728	 2	 14
24167	 79193	 22	 992
344	 305	 0	 5
16	 84	 0	 3
375	 1061	 0	 16
311	 99401	 0	 16
34	 4495	 0	 1
23	 6804	 2	 1
689	 130199	 1	 31
283	 143909	 2	 22
294	 1627	 3	 4
1	 16	 0	 0
391	 40229	 1	 11
202	 146979	 1	 24
25	 24630	 3	 3
20	 19925	 0	 5
382	 171394	 0	 24
275	 141318	 0	 21
