A	 C	 G	 T
0	 0	 0	 0
0	 0	 8	 0
1	 0	 179	 1
2	 2	 3841	 4
2	 0	 1012	 4
0	 0	 99	 0
6	 1	 4861	 3
6	 1	 5504	 4
0	 0	 2	 0
0	 0	 0	 0
0	 0	 16	 0
0	 2	 563	 6
2	 1	 590	 1
0	 0	 16	 0
0	 0	 387	 9
6	 2	 878	 4
0	 0	 1	 0
0	 0	 7	 0
0	 0	 133	 1
3	 1	 1524	 6
0	 0	 50	 0
0	 0	 0	 0
0	 1	 412	 1
1	 0	 1687	 4
0	 0	 1	 0
0	 0	 0	 0
0	 0	 0	 0
1	 0	 470	 2
0	 0	 22	 0
0	 0	 46	 1
1	 0	 1477	 1
5	 4	 323	 6
0	 0	 1	 0
0	 0	 0	 0
0	 0	 23	 0
2	 2	 405	 6
1	 0	 66	 0
1	 1	 65	 0
5	 1	 378	 9
3	 1	 2173	 9
0	 1	 1	 0
0	 0	 0	 0
1	 0	 186	 1
4	 2	 1939	 7
2	 1	 585	 1
0	 0	 73	 1
4	 2	 552	 12
7	 3	 2665	 4
