A	 C	 G	 T
0	 11	 0	 0
0	 424	 0	 0
2	 19946	 0	 0
2	 142531	 2	 1
1	 34818	 0	 1
1	 5116	 0	 0
4	 116724	 0	 6
4	 154124	 1	 3
0	 61	 0	 0
0	 50	 0	 0
1	 1559	 0	 0
2	 99460	 0	 1
0	 52774	 0	 0
1	 3192	 0	 0
2	 84754	 0	 6
1	 172121	 0	 1
0	 726	 0	 0
0	 250	 0	 0
0	 9013	 0	 0
2	 117830	 0	 0
0	 2652	 0	 0
0	 76	 0	 0
1	 19191	 0	 0
3	 96081	 0	 3
0	 22	 0	 0
0	 27	 0	 0
0	 140	 0	 0
2	 32243	 0	 1
2	 17012	 0	 0
0	 11047	 0	 0
2	 68088	 0	 0
3	 61669	 0	 1
0	 105	 0	 0
0	 78	 0	 0
0	 853	 0	 0
1	 94386	 0	 1
1	 6767	 0	 1
0	 9643	 0	 0
2	 119767	 0	 1
5	 134247	 1	 0
0	 1377	 0	 0
0	 11	 0	 0
5	 37995	 0	 2
1	 137889	 0	 1
3	 29883	 0	 0
0	 30778	 0	 0
8	 160707	 0	 0
4	 133238	 0	 2
