A	 C	 G	 T
1	 0	 0	 0
19	 0	 0	 0
763	 0	 0	 0
9586	 0	 1	 1
2090	 0	 0	 0
186	 0	 0	 0
10638	 0	 2	 0
8447	 0	 1	 0
1	 0	 0	 0
3	 0	 0	 0
135	 0	 0	 0
5358	 0	 0	 0
4052	 0	 0	 0
102	 0	 0	 0
4848	 0	 0	 0
11408	 0	 0	 0
22	 0	 0	 0
12	 0	 0	 0
893	 0	 0	 0
6816	 0	 0	 0
114	 0	 0	 0
4	 0	 0	 0
1196	 0	 0	 0
6732	 0	 1	 0
2	 0	 0	 0
6	 0	 0	 0
12	 0	 0	 0
2306	 0	 0	 0
410	 0	 0	 0
744	 0	 0	 0
4539	 0	 0	 0
3375	 0	 0	 0
4	 0	 0	 0
7	 0	 0	 0
58	 0	 0	 0
6114	 0	 1	 0
372	 0	 0	 0
807	 0	 0	 0
6463	 0	 0	 0
7255	 0	 1	 0
75	 0	 0	 0
0	 0	 0	 0
2361	 0	 0	 0
6930	 0	 0	 0
1373	 0	 1	 0
1064	 0	 0	 0
9152	 0	 0	 0
7231	 0	 2	 0
