A	 C	 G	 T
0	 0	 0	 7
0	 0	 0	 288
0	 0	 0	 15471
3	 6	 0	 139918
0	 2	 0	 32819
0	 1	 0	 2818
3	 4	 0	 125388
3	 5	 0	 138869
0	 0	 0	 64
0	 0	 0	 29
0	 1	 0	 1509
0	 1	 0	 96117
0	 1	 0	 48741
0	 1	 0	 1872
1	 2	 0	 77355
2	 3	 0	 164052
0	 0	 0	 675
0	 0	 0	 168
0	 0	 0	 8496
2	 3	 0	 111678
0	 0	 0	 1538
0	 0	 0	 54
0	 0	 0	 17467
2	 6	 0	 83929
0	 0	 0	 22
0	 0	 0	 25
0	 0	 0	 125
0	 0	 0	 31989
0	 0	 0	 10507
0	 1	 0	 6052
0	 0	 0	 65075
0	 3	 0	 56592
0	 0	 0	 112
0	 0	 0	 62
0	 0	 0	 791
0	 1	 0	 87915
0	 0	 0	 3796
0	 0	 0	 5772
2	 0	 0	 113684
3	 3	 0	 120803
0	 0	 0	 1335
0	 0	 0	 12
0	 1	 0	 35542
5	 4	 0	 127883
0	 1	 0	 20313
0	 1	 0	 17682
1	 5	 0	 153106
1	 0	 0	 122610
