A	 C	 G	 T
0	 0	 0	 0
0	 0	 0	 5
0	 0	 0	 507
0	 0	 0	 5244
0	 0	 0	 871
0	 0	 0	 76
0	 0	 0	 4180
0	 0	 0	 12176
0	 0	 0	 0
0	 0	 0	 0
0	 0	 0	 7
0	 0	 0	 509
0	 0	 0	 543
0	 0	 0	 41
0	 0	 0	 322
0	 0	 0	 2005
0	 0	 0	 8
0	 0	 0	 9
0	 0	 0	 82
0	 0	 0	 1766
0	 0	 0	 56
0	 0	 0	 4
0	 0	 0	 1097
0	 0	 0	 4977
0	 0	 0	 1
0	 0	 0	 2
0	 0	 0	 2
0	 0	 0	 535
0	 0	 0	 192
0	 0	 0	 59
0	 0	 0	 1212
0	 0	 0	 646
0	 0	 0	 0
0	 0	 0	 3
0	 0	 0	 51
0	 0	 0	 469
0	 0	 0	 203
0	 0	 0	 170
0	 0	 0	 2209
0	 0	 0	 2177
0	 0	 0	 42
0	 0	 0	 0
0	 0	 0	 130
0	 0	 0	 4300
0	 0	 0	 962
0	 0	 0	 135
0	 0	 0	 1088
0	 0	 0	 4217
