A	 C	 G	 T
0	 0	 0	 10
0	 0	 0	 344
1	 2	 0	 21191
5	 11	 0	 162287
1	 2	 0	 37998
0	 0	 0	 3223
3	 17	 0	 145923
3	 17	 1	 163038
0	 0	 0	 75
0	 0	 0	 33
0	 0	 0	 1700
2	 12	 0	 109045
3	 7	 0	 56220
0	 1	 0	 2154
2	 12	 0	 86688
6	 26	 0	 182406
0	 1	 0	 742
0	 0	 0	 200
0	 0	 0	 9830
8	 20	 0	 127405
0	 0	 0	 1808
0	 0	 0	 60
1	 0	 0	 20596
2	 8	 0	 102672
0	 0	 0	 29
0	 0	 0	 29
0	 0	 0	 142
1	 3	 0	 34229
0	 1	 0	 11879
1	 1	 0	 6999
1	 5	 0	 73913
1	 12	 0	 64492
0	 0	 0	 123
0	 0	 0	 74
0	 1	 0	 915
3	 18	 0	 101627
0	 0	 0	 4451
0	 0	 0	 6741
3	 15	 1	 128448
1	 8	 1	 137771
0	 1	 0	 1489
0	 0	 0	 15
3	 7	 0	 40377
2	 18	 1	 146711
1	 4	 0	 23688
1	 0	 1	 19887
5	 20	 0	 170891
1	 16	 0	 141061
