A	 C	 G	 T
0	 12	 0	 0
0	 444	 0	 0
0	 20632	 0	 0
3	 150604	 5	 11
0	 36303	 0	 3
0	 5256	 0	 0
5	 127356	 2	 8
7	 160104	 1	 12
0	 62	 0	 0
0	 53	 0	 0
0	 1609	 0	 0
2	 103502	 0	 7
4	 54623	 0	 4
0	 3347	 0	 0
3	 87633	 0	 4
6	 178029	 0	 7
0	 745	 0	 0
0	 260	 0	 0
1	 9322	 0	 1
2	 122272	 0	 7
0	 2718	 0	 0
0	 80	 0	 0
0	 19890	 0	 1
6	 99334	 4	 4
0	 23	 0	 0
0	 29	 0	 0
0	 150	 0	 1
3	 33311	 0	 3
2	 17655	 0	 3
0	 11526	 1	 1
2	 70790	 0	 5
2	 63786	 1	 2
0	 113	 0	 0
0	 86	 0	 0
0	 885	 0	 0
5	 97937	 0	 6
0	 7065	 0	 0
0	 10051	 0	 1
2	 124183	 2	 2
3	 138777	 0	 9
0	 1433	 0	 0
0	 11	 0	 0
0	 39191	 0	 2
2	 142605	 0	 9
3	 33034	 0	 4
1	 31907	 0	 1
11	 165998	 0	 8
2	 137651	 0	 6
