A	 C	 G	 T
0	 11	 0	 0
0	 444	 0	 0
0	 20747	 0	 1
9	 154569	 0	 5
0	 36731	 0	 0
0	 5241	 0	 0
4	 133322	 1	 3
4	 161903	 1	 11
0	 69	 0	 0
0	 54	 0	 0
1	 1617	 0	 0
3	 105186	 0	 0
2	 54936	 0	 2
0	 3346	 0	 0
4	 88287	 1	 2
3	 179005	 0	 6
0	 752	 0	 0
0	 264	 0	 0
0	 9412	 0	 1
4	 123502	 0	 1
0	 2733	 0	 0
0	 75	 0	 0
5	 20040	 0	 1
0	 99796	 0	 1
0	 23	 0	 0
0	 30	 0	 0
0	 147	 0	 0
0	 33476	 0	 0
3	 17815	 0	 1
1	 11587	 0	 2
2	 71519	 1	 0
12	 64025	 3	 2
0	 116	 0	 0
0	 87	 0	 0
0	 884	 0	 0
1	 98796	 0	 2
2	 7066	 0	 0
0	 10080	 0	 0
3	 125190	 0	 4
4	 139525	 2	 6
0	 1435	 0	 0
0	 12	 0	 0
1	 39551	 0	 2
3	 143727	 0	 4
2	 34234	 0	 0
2	 31937	 0	 2
7	 167229	 0	 4
5	 138597	 2	 4
