A	 C	 G	 T
0	 0	 0	 0
0	 0	 6	 0
4	 0	 631	 3
20	 1	 2756	 14
9	 2	 776	 1
1	 0	 48	 1
19	 2	 1364	 6
22	 3	 1613	 21
0	 0	 2	 0
0	 0	 0	 0
1	 0	 45	 0
12	 0	 1788	 3
5	 1	 1605	 3
0	 0	 75	 0
10	 0	 1657	 4
17	 4	 4847	 15
1	 0	 13	 0
0	 0	 4	 0
0	 0	 140	 2
17	 1	 7299	 15
0	 0	 31	 1
0	 0	 1	 0
0	 1	 752	 6
13	 4	 3608	 13
0	 0	 2	 0
0	 0	 2	 0
0	 0	 1	 0
2	 1	 1385	 6
1	 1	 227	 1
2	 0	 204	 0
9	 2	 915	 7
10	 2	 1892	 21
0	 0	 3	 0
0	 0	 2	 0
1	 0	 14	 0
10	 1	 4158	 10
1	 0	 50	 0
2	 0	 96	 0
10	 2	 2283	 11
16	 3	 2928	 15
0	 0	 20	 0
0	 0	 0	 0
5	 0	 512	 4
16	 5	 8261	 18
2	 0	 552	 1
2	 0	 308	 0
14	 1	 2439	 33
13	 2	 947	 10
