A	 C	 G	 T
0	 0	 8	 0
0	 0	 315	 0
2	 0	 19359	 2
12	 2	 149975	 11
1	 0	 35374	 8
1	 0	 2979	 0
6	 0	 134618	 11
9	 0	 149453	 11
0	 0	 73	 0
0	 0	 33	 0
0	 0	 1567	 0
2	 0	 98494	 14
0	 0	 51918	 4
0	 0	 1994	 0
3	 0	 78666	 4
4	 0	 166511	 14
0	 0	 675	 0
0	 0	 184	 0
0	 0	 8916	 4
3	 0	 118965	 8
0	 0	 1677	 0
0	 0	 58	 0
0	 0	 18912	 2
1	 0	 93200	 4
0	 0	 20	 0
0	 0	 27	 0
0	 0	 126	 0
3	 0	 31903	 2
0	 0	 11013	 0
1	 0	 6430	 0
3	 0	 67761	 10
7	 0	 59555	 11
0	 0	 118	 0
0	 0	 69	 0
0	 0	 842	 1
4	 0	 90188	 11
1	 0	 4093	 0
1	 0	 6213	 0
4	 0	 118992	 5
3	 0	 128745	 5
0	 0	 1381	 0
0	 0	 13	 0
0	 0	 36070	 3
3	 3	 135559	 11
1	 0	 21404	 1
1	 0	 18134	 0
8	 0	 154769	 15
1	 0	 130840	 6
