A	 C	 G	 T
0	 0	 8	 0
0	 0	 263	 0
12	 0	 13469	 2
70	 1	 122444	 3
14	 1	 28981	 3
0	 0	 2506	 0
48	 2	 107850	 3
49	 2	 122348	 5
0	 0	 58	 0
0	 0	 29	 0
2	 0	 1295	 0
30	 2	 77013	 6
16	 1	 39192	 4
0	 0	 1615	 0
25	 1	 65763	 1
65	 1	 121472	 7
0	 0	 561	 2
0	 0	 149	 0
7	 0	 7410	 1
30	 3	 94570	 7
1	 0	 1318	 0
0	 0	 50	 0
9	 0	 14755	 1
30	 1	 77438	 5
0	 0	 18	 0
0	 0	 22	 0
0	 0	 70	 0
9	 0	 23791	 2
2	 0	 9410	 0
2	 0	 4918	 0
37	 0	 55908	 3
25	 6	 47591	 11
0	 0	 96	 0
0	 0	 54	 0
1	 0	 667	 0
34	 1	 69290	 4
1	 0	 3091	 0
3	 0	 5100	 0
51	 0	 101145	 7
41	 0	 108557	 4
1	 0	 1187	 0
0	 0	 13	 0
11	 0	 28045	 5
40	 0	 108386	 3
9	 0	 17603	 1
6	 0	 14636	 0
50	 0	 126283	 7
45	 4	 95200	 10
