A	 C	 G	 T
26	 741	 0	 1
1	 372	 0	 0
34	 21938	 6	 14
18	 158829	 23	 53
60	 38776	 9	 24
2	 3175	 0	 0
32	 142949	 26	 57
14	 163282	 33	 63
25	 701	 0	 3
3	 74	 0	 0
39	 2812	 0	 7
16	 106494	 16	 30
47	 56400	 12	 25
1	 2114	 0	 0
27	 88594	 20	 31
46	 180749	 33	 62
19	 1384	 0	 0
1	 237	 0	 0
44	 10507	 4	 3
14	 124792	 25	 32
3	 1883	 0	 0
1	 78	 0	 0
39	 20770	 1	 16
19	 99862	 10	 39
23	 951	 0	 2
2	 66	 0	 0
17	 911	 0	 1
25	 34136	 6	 7
2	 11576	 2	 4
1	 6821	 2	 1
26	 72659	 12	 23
1188	 117342	 27	 177
17	 772	 0	 3
1	 109	 0	 0
22	 1519	 0	 3
22	 98282	 15	 35
2	 4358	 2	 1
3	 6562	 1	 6
45	 126284	 30	 37
13	 139367	 22	 47
19	 1942	 1	 2
0	 14	 0	 0
20	 39679	 9	 11
14	 143413	 28	 51
2	 23791	 4	 13
2	 19365	 5	 15
28	 166572	 40	 55
16	 137845	 33	 53
