A	 C	 G	 T
0	 11	 0	 0
0	 458	 0	 0
1	 21539	 0	 1
2	 160699	 2	 2
6	 38099	 0	 0
0	 5439	 0	 0
3	 143628	 0	 2
9	 167877	 2	 5
0	 77	 0	 0
0	 55	 0	 0
0	 1711	 1	 0
3	 108842	 1	 1
3	 56850	 0	 0
0	 3467	 0	 0
0	 91319	 1	 1
3	 184763	 1	 4
0	 788	 0	 0
0	 278	 0	 0
0	 9831	 1	 0
3	 128026	 1	 4
0	 2858	 0	 0
0	 81	 0	 0
0	 20725	 0	 0
1	 103034	 1	 5
0	 24	 0	 0
0	 29	 0	 0
0	 149	 0	 0
0	 34551	 0	 0
2	 18489	 0	 1
1	 12079	 0	 0
2	 74284	 1	 3
3	 66342	 1	 2
0	 121	 0	 0
0	 89	 0	 0
0	 916	 0	 0
8	 102466	 0	 2
0	 7343	 0	 1
0	 10483	 1	 1
4	 129575	 2	 1
1	 143111	 3	 3
0	 1508	 0	 0
0	 13	 0	 0
0	 40821	 1	 1
3	 148626	 2	 1
0	 36698	 1	 4
2	 33094	 0	 4
11	 172706	 1	 4
10	 142395	 1	 3
