A	 C	 G	 T
0	 6	 0	 0
0	 335	 0	 0
0	 15432	 0	 0
2	 105416	 3	 3
1	 26642	 4	 0
0	 4056	 0	 1
4	 79982	 0	 7
5	 117829	 4	 5
0	 43	 0	 0
0	 41	 0	 0
0	 1148	 0	 0
3	 74502	 2	 1
4	 41181	 0	 1
0	 2494	 0	 0
13	 65853	 0	 2
4	 134773	 2	 9
0	 534	 0	 0
0	 185	 0	 0
0	 6828	 0	 0
9	 90478	 1	 5
0	 2092	 0	 1
0	 56	 0	 0
2	 14959	 0	 0
3	 75969	 1	 8
0	 15	 0	 0
0	 25	 0	 0
0	 112	 0	 0
2	 25387	 1	 2
1	 13323	 1	 0
0	 8445	 0	 0
4	 51863	 1	 6
18	 48316	 2	 8
0	 82	 0	 0
0	 55	 0	 0
0	 662	 0	 0
7	 72716	 2	 6
0	 5220	 1	 0
0	 7584	 0	 2
3	 93226	 0	 5
2	 105637	 2	 9
0	 1083	 0	 0
0	 9	 0	 0
2	 29849	 0	 2
3	 107164	 1	 7
0	 20865	 1	 1
4	 24499	 1	 2
5	 125143	 1	 9
2	 104565	 4	 3
