A	 C	 G	 T
0	 0	 9	 0
0	 0	 448	 0
3	 0	 20842	 0
12	 0	 154655	 14
3	 0	 36802	 1
0	 0	 5280	 1
5	 0	 133335	 7
10	 1	 162341	 12
0	 0	 69	 0
0	 0	 54	 0
0	 0	 1631	 0
6	 0	 105519	 6
2	 1	 55195	 1
0	 0	 3343	 0
4	 2	 88576	 3
10	 3	 179684	 11
0	 0	 763	 0
0	 0	 260	 0
0	 0	 9469	 1
10	 0	 123843	 3
1	 0	 2764	 1
0	 0	 80	 0
1	 0	 20069	 3
10	 3	 100116	 1
0	 0	 26	 0
0	 0	 28	 0
0	 0	 145	 0
1	 0	 33548	 1
1	 0	 17907	 2
2	 0	 11663	 1
6	 0	 71686	 7
7	 3	 64355	 2
0	 0	 115	 0
0	 0	 83	 0
0	 0	 881	 0
6	 1	 99250	 7
0	 0	 7132	 0
0	 0	 10137	 2
4	 3	 125556	 12
8	 0	 140023	 9
1	 0	 1451	 0
0	 0	 13	 0
2	 0	 39664	 2
4	 1	 144173	 7
1	 1	 34451	 6
1	 0	 32113	 1
10	 1	 167501	 4
5	 0	 139098	 8
