A	 C	 G	 T
10	 0	 0	 0
332	 0	 0	 0
20763	 0	 0	 0
158603	 0	 2	 2
37142	 0	 2	 0
3143	 0	 0	 0
142303	 0	 5	 0
159310	 0	 2	 1
75	 0	 0	 0
33	 0	 0	 0
1666	 0	 0	 0
106937	 2	 3	 4
55066	 0	 3	 0
2102	 0	 0	 0
84898	 0	 1	 0
179163	 0	 7	 0
724	 0	 1	 0
197	 0	 0	 0
9583	 0	 0	 0
124736	 0	 6	 0
1755	 0	 0	 0
58	 0	 0	 0
20149	 0	 0	 0
100151	 0	 2	 1
26	 0	 0	 0
29	 0	 0	 0
141	 0	 0	 0
33682	 0	 1	 0
11624	 0	 1	 0
6811	 0	 0	 0
72245	 0	 1	 1
62889	 0	 0	 0
121	 0	 0	 0
72	 0	 0	 0
888	 0	 0	 0
99362	 0	 1	 0
4357	 0	 0	 0
6577	 0	 0	 0
125678	 0	 4	 1
134988	 1	 6	 0
1453	 0	 0	 0
13	 0	 0	 0
39618	 0	 1	 0
144643	 0	 5	 1
23178	 0	 2	 0
19465	 0	 3	 0
168133	 2	 9	 1
139000	 0	 4	 0
