A	 C	 G	 T
0	 10	 0	 0
0	 452	 0	 0
2	 21413	 0	 1
4	 157232	 0	 5
6	 38051	 0	 0
0	 5381	 0	 0
21	 142361	 1	 7
13	 167244	 0	 6
0	 71	 0	 0
0	 55	 0	 0
0	 1714	 0	 0
8	 106591	 0	 9
1	 56609	 0	 0
0	 3450	 0	 0
7	 90911	 1	 6
9	 183715	 0	 7
0	 792	 0	 0
0	 271	 0	 0
1	 9807	 0	 1
2	 127459	 0	 12
0	 2831	 0	 0
0	 77	 0	 0
1	 20646	 0	 2
0	 102560	 0	 9
0	 25	 0	 0
0	 29	 0	 0
0	 151	 0	 0
2	 34403	 0	 3
1	 18444	 0	 1
1	 12059	 0	 1
3	 74017	 1	 6
8	 66175	 0	 8
0	 121	 0	 0
0	 86	 0	 0
0	 913	 0	 0
1	 101915	 0	 4
0	 7205	 0	 3
0	 10463	 0	 2
13	 129034	 0	 12
11	 140542	 0	 14
0	 1510	 0	 0
0	 13	 0	 0
11	 40699	 0	 3
4	 147868	 3	 5
0	 36189	 0	 0
0	 32982	 1	 4
5	 171931	 0	 13
3	 141788	 1	 8
