A	 C	 G	 T
9	 0	 0	 0
309	 0	 0	 0
18126	 0	 0	 0
139468	 0	 0	 2
32886	 0	 1	 0
2784	 0	 0	 0
124704	 0	 0	 1
140471	 0	 1	 4
64	 0	 0	 0
32	 0	 0	 0
1442	 0	 0	 0
93411	 0	 1	 4
48441	 0	 0	 0
1851	 0	 0	 0
74225	 1	 0	 2
156184	 1	 1	 3
634	 0	 0	 0
180	 0	 0	 0
8434	 0	 0	 0
109687	 1	 0	 1
1527	 0	 0	 0
51	 0	 0	 0
17033	 0	 0	 1
83372	 0	 0	 4
22	 0	 0	 0
23	 0	 0	 0
125	 0	 0	 0
29827	 0	 0	 0
10174	 0	 0	 1
5913	 0	 0	 0
62973	 0	 0	 2
55204	 0	 0	 0
102	 0	 0	 0
59	 0	 0	 0
800	 0	 0	 0
84558	 1	 0	 3
3824	 0	 0	 1
5757	 0	 0	 0
109795	 1	 1	 4
119582	 0	 0	 4
1265	 0	 0	 1
13	 0	 0	 0
34349	 0	 0	 0
125714	 1	 1	 3
20414	 0	 0	 0
16995	 0	 0	 2
145779	 1	 1	 6
120367	 0	 2	 4
