A	 C	 G	 T
0	 11	 0	 0
0	 457	 0	 0
2	 21494	 1	 0
22	 160480	 1	 6
4	 38061	 0	 1
4	 5439	 0	 0
27	 141017	 0	 4
14	 167762	 0	 3
0	 80	 0	 0
0	 56	 0	 0
0	 1698	 0	 0
11	 108969	 0	 6
6	 56816	 1	 2
1	 3471	 0	 0
6	 91202	 0	 0
29	 184792	 0	 5
1	 785	 0	 0
0	 277	 0	 0
1	 9824	 0	 0
14	 127984	 1	 3
0	 2849	 0	 0
0	 81	 0	 0
2	 20690	 0	 2
15	 103021	 1	 5
0	 25	 0	 0
0	 31	 0	 0
0	 152	 0	 0
2	 34544	 0	 0
1	 18456	 0	 0
0	 12062	 0	 0
7	 74188	 0	 2
12	 66385	 3	 5
0	 121	 0	 0
0	 90	 0	 0
0	 924	 0	 0
21	 102264	 1	 6
0	 7367	 0	 0
1	 10479	 0	 0
15	 129471	 1	 2
14	 143731	 0	 0
0	 1511	 0	 0
0	 13	 0	 0
9	 40840	 0	 1
18	 148542	 1	 4
4	 36408	 0	 3
5	 33056	 0	 2
22	 172628	 0	 0
8	 142912	 2	 3
