A	 C	 G	 T
0	 10	 0	 0
0	 447	 0	 0
0	 21007	 0	 3
9	 156220	 2	 8
0	 37097	 0	 4
0	 5316	 0	 0
3	 135393	 1	 9
5	 163564	 2	 4
0	 71	 0	 0
0	 55	 0	 0
0	 1647	 0	 0
2	 106417	 1	 6
3	 55576	 0	 2
0	 3367	 0	 0
2	 89220	 1	 7
2	 180900	 2	 7
0	 770	 0	 0
0	 264	 0	 0
0	 9537	 0	 0
5	 124763	 2	 6
0	 2775	 0	 0
0	 81	 0	 0
1	 20199	 0	 2
2	 100785	 5	 3
0	 26	 0	 0
0	 28	 0	 0
0	 146	 0	 0
5	 33768	 0	 1
1	 18057	 0	 0
0	 11771	 0	 1
6	 72260	 0	 1
7	 64772	 2	 1
0	 116	 0	 0
0	 84	 0	 0
0	 889	 0	 0
8	 99999	 0	 5
3	 7163	 0	 0
0	 10233	 0	 1
3	 126475	 0	 4
7	 140843	 0	 4
1	 1468	 0	 0
0	 13	 0	 0
2	 39913	 0	 1
3	 145175	 0	 7
0	 34967	 1	 1
0	 32315	 1	 4
4	 168650	 1	 8
4	 139940	 0	 6
