A	 C	 G	 T
0	 12	 0	 0
0	 460	 0	 0
1	 21448	 1	 3
3	 160058	 0	 9
5	 37998	 0	 4
0	 5422	 0	 0
8	 139554	 0	 10
3	 167689	 1	 12
0	 77	 0	 0
0	 56	 0	 0
0	 1695	 0	 0
13	 108667	 0	 0
2	 56801	 0	 1
2	 3465	 0	 0
3	 91211	 2	 1
5	 184857	 0	 7
0	 794	 0	 0
0	 272	 0	 0
0	 9802	 0	 2
4	 127743	 1	 9
0	 2847	 0	 0
0	 82	 0	 0
1	 20695	 0	 0
4	 103132	 0	 6
0	 26	 0	 0
0	 32	 0	 0
0	 154	 0	 0
2	 34573	 0	 0
0	 18422	 1	 2
1	 12042	 0	 1
5	 74166	 1	 7
10	 66323	 3	 3
0	 122	 0	 0
0	 91	 0	 0
0	 926	 0	 0
3	 102202	 2	 14
0	 7344	 1	 1
2	 10465	 0	 0
6	 129405	 1	 12
5	 143871	 1	 6
0	 1508	 0	 0
0	 13	 0	 0
1	 40835	 0	 1
0	 148457	 0	 8
1	 35946	 0	 2
0	 33015	 0	 1
4	 172659	 1	 12
5	 143021	 0	 9
