A	 C	 G	 T
9	 0	 0	 0
448	 0	 0	 0
20898	 0	 3	 0
154841	 0	 9	 1
36826	 0	 1	 0
5282	 1	 0	 0
134608	 0	 3	 1
162481	 0	 15	 0
70	 0	 0	 0
54	 0	 0	 0
1635	 0	 0	 0
105695	 1	 5	 0
55205	 0	 2	 0
3353	 0	 0	 0
88647	 0	 2	 1
179740	 0	 10	 0
757	 0	 0	 0
264	 0	 0	 0
9497	 0	 1	 0
123943	 0	 3	 0
2747	 0	 0	 0
81	 0	 0	 0
20105	 0	 1	 0
100167	 0	 4	 1
25	 0	 0	 0
29	 0	 0	 0
148	 0	 0	 0
33542	 0	 2	 1
17889	 0	 0	 0
11674	 0	 0	 0
71772	 0	 1	 0
64417	 0	 8	 0
113	 0	 0	 0
85	 0	 0	 0
886	 0	 0	 0
99363	 0	 4	 1
7116	 0	 0	 0
10156	 0	 0	 1
125786	 0	 3	 1
140018	 2	 8	 0
1452	 0	 0	 0
13	 0	 0	 0
39635	 0	 1	 0
144329	 0	 5	 1
34705	 0	 3	 0
32103	 0	 2	 0
167671	 0	 7	 0
139097	 0	 9	 1
