A	 C	 G	 T
0	 12	 0	 0
0	 435	 0	 0
1	 20569	 0	 1
19	 150225	 0	 8
1	 36256	 0	 2
0	 5230	 0	 0
10	 129416	 0	 4
12	 160142	 0	 6
0	 64	 0	 0
0	 52	 0	 0
0	 1622	 0	 0
11	 103552	 0	 6
3	 54524	 1	 1
0	 3320	 0	 0
10	 87461	 1	 1
16	 177288	 1	 13
0	 751	 0	 0
0	 265	 0	 0
0	 9360	 0	 0
3	 122058	 0	 1
0	 2720	 0	 1
0	 78	 0	 0
1	 19803	 0	 1
6	 98994	 4	 4
0	 22	 0	 0
0	 27	 0	 0
0	 144	 0	 0
1	 33141	 1	 2
1	 17656	 0	 0
0	 11413	 0	 0
4	 70617	 1	 3
11	 63501	 0	 5
0	 113	 0	 0
0	 78	 0	 0
1	 870	 0	 0
4	 97572	 0	 5
0	 7031	 0	 0
0	 10001	 0	 1
12	 123954	 0	 5
4	 138030	 1	 7
0	 1443	 0	 0
0	 11	 0	 0
0	 39091	 0	 3
14	 142222	 0	 9
0	 33624	 0	 4
2	 31751	 0	 2
9	 165637	 0	 5
4	 137186	 2	 3
