A	 C	 G	 T
0	 0	 11	 0
0	 0	 455	 0
0	 1	 21225	 2
7	 2	 157290	 4
0	 0	 37516	 5
0	 0	 5357	 2
8	 1	 137855	 3
2	 4	 165088	 2
0	 0	 72	 0
0	 0	 55	 1
0	 0	 1675	 0
6	 3	 107252	 2
2	 0	 56026	 1
0	 0	 3404	 0
7	 4	 89915	 4
17	 3	 182238	 5
0	 0	 770	 0
0	 0	 274	 0
0	 0	 9659	 1
5	 4	 126093	 6
0	 0	 2812	 0
0	 0	 77	 0
3	 2	 20401	 0
5	 1	 101513	 6
0	 0	 24	 0
0	 0	 30	 0
0	 0	 148	 0
3	 2	 34071	 2
0	 0	 18193	 3
2	 0	 11851	 0
4	 1	 72972	 2
3	 4	 65375	 7
0	 0	 115	 0
0	 0	 86	 0
0	 0	 907	 0
8	 0	 100666	 8
0	 0	 7250	 2
0	 0	 10303	 1
9	 1	 127443	 4
3	 1	 141767	 1
0	 0	 1491	 0
0	 0	 13	 0
5	 1	 40178	 1
7	 0	 146572	 7
2	 1	 35697	 5
1	 0	 32613	 4
9	 4	 170402	 5
6	 2	 141113	 14
