A	 C	 G	 T
9	 0	 0	 0
412	 0	 0	 0
19746	 0	 1	 0
144874	 0	 1	 4
34788	 0	 1	 0
5011	 0	 1	 0
123702	 0	 3	 1
153034	 1	 4	 5
66	 0	 0	 0
51	 0	 0	 0
1527	 0	 0	 0
99156	 2	 4	 1
52038	 0	 0	 0
3177	 0	 0	 0
83576	 1	 3	 1
169584	 0	 2	 4
707	 0	 0	 0
252	 0	 0	 0
8937	 0	 0	 0
116933	 1	 4	 3
2605	 0	 0	 0
73	 0	 0	 0
18978	 0	 0	 0
94604	 0	 4	 2
21	 0	 0	 0
28	 0	 0	 0
140	 0	 0	 0
31776	 1	 0	 0
16904	 3	 1	 0
10881	 0	 1	 0
67414	 1	 2	 0
60668	 0	 1	 0
106	 0	 0	 0
77	 0	 0	 0
857	 0	 0	 0
93377	 1	 1	 2
6695	 1	 0	 0
9548	 1	 2	 0
118470	 0	 3	 0
132346	 0	 2	 3
1372	 0	 0	 0
11	 0	 0	 0
37505	 0	 2	 0
136139	 1	 3	 4
31901	 1	 3	 0
30355	 0	 2	 0
158342	 1	 5	 3
131313	 1	 1	 2
