A	 C	 G	 T
0	 9	 0	 0
0	 321	 0	 0
0	 20207	 0	 0
4	 154884	 0	 7
1	 36349	 0	 8
0	 3082	 0	 0
9	 139461	 0	 19
8	 155791	 0	 14
0	 72	 0	 0
0	 32	 0	 0
0	 1624	 0	 0
1	 104850	 0	 10
0	 53751	 0	 5
0	 2068	 0	 0
3	 83226	 0	 9
7	 174612	 0	 12
0	 698	 0	 0
0	 183	 0	 0
0	 9422	 0	 1
4	 122206	 0	 9
0	 1721	 0	 0
0	 55	 0	 0
0	 19714	 0	 2
5	 98027	 0	 5
0	 26	 0	 0
0	 28	 0	 0
0	 141	 0	 0
1	 32767	 0	 1
0	 11245	 0	 2
0	 6642	 0	 1
3	 70758	 0	 4
8	 61730	 0	 4
0	 121	 0	 0
0	 74	 0	 0
0	 862	 0	 1
3	 97102	 0	 5
1	 4225	 0	 0
0	 6352	 0	 1
1	 121910	 0	 5
4	 132127	 0	 13
0	 1406	 0	 0
0	 14	 0	 0
2	 38769	 0	 2
2	 140348	 0	 15
5	 22580	 0	 2
2	 19062	 0	 4
4	 164173	 0	 14
3	 135145	 0	 12
