A	 C	 G	 T
18	 0	 10	 0
1	 0	 433	 1
44	 1	 20558	 2
23	 0	 154324	 2
40	 0	 36552	 1
0	 0	 5142	 0
22	 0	 138057	 1
8	 1	 160744	 6
15	 0	 73	 0
0	 0	 52	 0
24	 0	 1627	 0
22	 1	 104305	 4
49	 2	 54307	 4
0	 1	 3311	 1
20	 0	 87261	 2
57	 4	 176272	 9
7	 0	 762	 2
1	 0	 253	 0
11	 0	 9461	 2
15	 2	 122486	 5
11	 0	 2725	 0
0	 0	 76	 0
27	 0	 19814	 0
19	 2	 98393	 0
22	 1	 24	 0
1	 0	 30	 0
30	 0	 148	 0
13	 1	 32984	 1
2	 0	 17716	 0
0	 1	 11535	 0
25	 1	 71067	 2
2858	 11	 63576	 13
13	 0	 118	 0
1	 0	 85	 0
10	 0	 877	 0
23	 1	 97746	 4
7	 0	 7058	 0
3	 0	 10018	 0
58	 2	 123759	 6
10	 2	 137227	 2
12	 0	 1449	 0
0	 0	 13	 0
25	 1	 39094	 1
11	 1	 141874	 4
1	 1	 35726	 1
2	 0	 31666	 3
27	 2	 164997	 6
19	 4	 136474	 7
