A	 C	 G	 T
0	 0	 11	 0
0	 0	 446	 1
1	 0	 21135	 0
3	 1	 156577	 1
0	 0	 37365	 0
1	 0	 5332	 1
1	 0	 136236	 3
0	 1	 164624	 2
0	 0	 71	 1
0	 0	 55	 0
0	 0	 1660	 0
1	 0	 106791	 6
2	 2	 55866	 2
0	 0	 3400	 0
3	 2	 89704	 6
1	 0	 181692	 6
0	 0	 786	 0
0	 0	 275	 0
0	 1	 9595	 2
2	 0	 125647	 4
0	 0	 2783	 0
0	 0	 79	 0
2	 0	 20330	 0
2	 1	 101377	 3
0	 0	 26	 0
0	 0	 28	 0
0	 0	 153	 0
0	 0	 34013	 2
2	 0	 18111	 1
0	 0	 11822	 2
0	 1	 72626	 5
2	 0	 65191	 20
0	 0	 117	 0
0	 0	 88	 0
0	 0	 908	 0
0	 0	 100415	 7
1	 1	 7212	 2
0	 0	 10300	 1
1	 0	 127187	 4
3	 2	 141565	 4
0	 0	 1472	 0
0	 0	 13	 0
1	 0	 40172	 3
1	 0	 146036	 2
0	 0	 35293	 1
1	 1	 32498	 5
3	 0	 169870	 10
1	 0	 140618	 4
