A	 C	 G	 T
137	 5	 670	 5
420	 0	 38	 0
18742	 5	 949	 5
135964	 3	 544	 12
32969	 6	 1336	 11
4709	 2	 39	 1
120240	 4	 883	 8
142915	 4	 431	 5
200	 7	 453	 3
54	 0	 34	 0
1765	 9	 822	 3
93136	 5	 515	 9
48893	 7	 1032	 8
2971	 0	 29	 2
77852	 2	 603	 6
157747	 6	 1258	 16
781	 2	 551	 3
250	 0	 35	 0
8577	 4	 824	 6
109284	 0	 371	 7
2515	 1	 116	 0
73	 0	 21	 0
17900	 0	 686	 4
87970	 6	 445	 7
163	 1	 769	 3
42	 0	 37	 0
351	 2	 588	 4
29705	 2	 606	 2
15858	 1	 56	 1
10278	 0	 30	 0
63417	 3	 633	 4
78005	 77	 29317	 176
233	 3	 536	 2
102	 0	 24	 1
911	 0	 530	 5
87240	 3	 446	 6
6355	 0	 65	 1
9003	 2	 46	 0
110660	 4	 934	 5
122446	 2	 402	 4
1413	 6	 375	 4
10	 0	 2	 0
34993	 1	 508	 6
126558	 4	 322	 3
31400	 1	 36	 1
28417	 1	 33	 2
147638	 2	 575	 14
122083	 4	 393	 8
