A	 C	 G	 T
0	 0	 0	 11
0	 0	 0	 437
0	 0	 0	 20574
1	 4	 1	 149747
0	 2	 0	 36212
0	 0	 0	 5231
0	 1	 0	 128106
0	 2	 0	 160032
0	 0	 0	 63
0	 0	 0	 50
0	 0	 0	 1617
2	 1	 0	 103450
0	 2	 0	 54525
0	 0	 0	 3318
2	 2	 0	 87487
1	 4	 0	 177468
0	 0	 0	 754
0	 0	 0	 262
0	 0	 0	 9348
0	 2	 0	 122052
0	 0	 0	 2729
0	 0	 0	 78
0	 0	 0	 19834
0	 2	 0	 98990
0	 0	 0	 21
0	 0	 0	 28
0	 0	 0	 144
1	 1	 0	 33170
0	 1	 0	 17646
0	 1	 0	 11427
2	 3	 0	 70631
0	 0	 1	 63577
0	 0	 0	 111
0	 0	 0	 80
0	 0	 0	 877
1	 3	 0	 97653
0	 0	 0	 7032
0	 0	 0	 9987
0	 3	 0	 123958
1	 2	 1	 138203
0	 0	 0	 1439
0	 0	 0	 11
0	 0	 0	 39138
1	 3	 0	 142317
1	 2	 0	 33222
0	 2	 0	 31784
1	 2	 2	 165774
0	 3	 2	 137400
