A	 C	 G	 T
0	 0	 0	 0
0	 0	 0	 0
0	 0	 0	 3
0	 0	 0	 128
0	 0	 0	 32
0	 0	 0	 2
0	 0	 0	 87
0	 0	 0	 150
0	 0	 0	 0
0	 0	 0	 0
0	 0	 0	 0
0	 0	 0	 8
0	 0	 0	 20
0	 0	 0	 0
0	 0	 0	 13
0	 0	 0	 30
0	 0	 0	 0
0	 0	 0	 0
0	 0	 0	 2
0	 0	 0	 71
0	 0	 0	 0
0	 0	 0	 0
0	 0	 0	 12
0	 0	 0	 105
0	 0	 0	 0
0	 0	 0	 0
0	 0	 0	 0
0	 0	 0	 14
0	 0	 0	 6
0	 0	 0	 2
0	 0	 0	 42
0	 0	 0	 30
0	 0	 0	 0
0	 0	 0	 0
0	 0	 0	 0
0	 0	 0	 17
0	 0	 0	 2
0	 0	 0	 4
0	 0	 0	 45
0	 0	 0	 68
0	 0	 0	 0
0	 0	 0	 0
0	 0	 0	 2
0	 0	 0	 132
0	 0	 0	 11
0	 0	 0	 0
0	 0	 0	 27
0	 0	 0	 8
