A	 C	 G	 T
11	 0	 0	 0
448	 0	 0	 0
21159	 0	 0	 0
156868	 0	 0	 2
37397	 0	 1	 1
5337	 0	 0	 0
136092	 0	 3	 3
165019	 0	 3	 1
71	 0	 0	 0
55	 0	 0	 0
1668	 0	 0	 0
106901	 0	 1	 1
55925	 0	 1	 0
3406	 0	 0	 0
89834	 1	 0	 1
181978	 1	 1	 1
783	 0	 0	 0
275	 0	 0	 0
9612	 0	 0	 0
125729	 0	 0	 2
2793	 0	 0	 0
79	 0	 0	 0
20391	 0	 0	 0
101553	 1	 3	 1
26	 0	 0	 0
30	 0	 0	 0
152	 0	 0	 0
34010	 0	 0	 1
18100	 0	 0	 0
11829	 0	 2	 0
72796	 0	 2	 1
65298	 0	 0	 0
116	 0	 0	 0
88	 0	 0	 0
906	 0	 0	 0
100551	 0	 1	 0
7214	 0	 0	 0
10284	 0	 0	 0
127394	 0	 3	 0
141780	 0	 2	 0
1472	 0	 0	 0
13	 0	 0	 0
40200	 0	 1	 0
146258	 0	 3	 2
35314	 0	 3	 0
32530	 0	 0	 0
170102	 0	 3	 2
140872	 0	 1	 3
