A	 C	 G	 T
0	 0	 9	 0
0	 0	 323	 0
0	 0	 20294	 3
1	 0	 157226	 3
2	 1	 36804	 1
0	 0	 3103	 0
2	 1	 140753	 4
2	 1	 158077	 3
0	 0	 69	 0
0	 0	 33	 0
0	 1	 1648	 0
1	 1	 105113	 0
0	 0	 54389	 2
0	 0	 2092	 0
1	 0	 83444	 3
6	 3	 176042	 3
0	 0	 717	 0
0	 0	 189	 0
0	 1	 9465	 0
1	 0	 123421	 1
0	 0	 1720	 0
0	 0	 59	 0
1	 2	 17834	 1
0	 0	 85838	 3
0	 0	 24	 0
0	 0	 29	 0
0	 0	 137	 0
0	 0	 33281	 1
0	 0	 11421	 0
0	 0	 6709	 0
1	 0	 70987	 1
1	 4	 62041	 5
0	 0	 120	 0
0	 0	 70	 0
0	 0	 886	 0
3	 1	 93141	 1
0	 0	 4323	 0
0	 1	 6465	 0
0	 0	 123514	 11
2	 1	 133719	 3
0	 0	 1440	 0
0	 0	 14	 0
1	 0	 38581	 0
0	 1	 141289	 4
1	 0	 22923	 0
0	 0	 19080	 0
2	 1	 164301	 5
0	 1	 135421	 2
