A	 C	 G	 T
0	 11	 0	 0
0	 454	 0	 0
0	 21317	 0	 0
8	 158888	 1	 2
2	 37635	 0	 0
4	 5369	 0	 0
6	 138547	 0	 3
3	 166030	 1	 2
0	 73	 0	 0
0	 55	 0	 0
0	 1675	 0	 1
0	 107922	 0	 2
1	 56337	 0	 2
1	 3435	 0	 0
10	 90499	 0	 2
5	 183146	 5	 7
0	 790	 0	 0
0	 275	 0	 0
1	 9694	 0	 0
7	 126742	 1	 5
0	 2817	 0	 0
0	 82	 0	 0
4	 20475	 0	 0
6	 102111	 0	 2
0	 26	 0	 0
0	 28	 0	 0
0	 155	 0	 0
1	 34308	 0	 0
2	 18272	 0	 2
0	 11971	 0	 0
5	 73408	 0	 0
6	 65716	 0	 0
0	 121	 0	 0
0	 90	 0	 0
0	 914	 0	 0
1	 101306	 2	 5
0	 7281	 0	 0
0	 10399	 0	 0
4	 128327	 0	 2
10	 142666	 0	 1
2	 1482	 0	 0
0	 13	 0	 0
1	 40493	 0	 2
4	 147230	 0	 1
2	 35773	 0	 0
1	 32759	 0	 3
5	 171153	 1	 4
8	 141789	 0	 1
