A	 C	 G	 T
0	 0	 0	 9
0	 0	 0	 281
0	 0	 0	 16759
1	 3	 0	 139030
0	 0	 0	 31588
0	 0	 0	 2852
1	 2	 1	 116865
1	 9	 0	 147505
0	 0	 0	 58
0	 0	 0	 31
0	 0	 0	 1280
1	 0	 0	 83660
0	 0	 0	 43907
0	 0	 0	 1780
1	 1	 0	 72462
0	 2	 0	 143496
0	 0	 0	 670
0	 0	 0	 164
0	 0	 0	 7533
0	 2	 0	 110933
0	 1	 0	 1523
0	 0	 0	 51
0	 1	 0	 17272
1	 0	 0	 85855
0	 0	 0	 21
0	 0	 0	 26
0	 0	 0	 116
0	 0	 0	 28705
0	 1	 0	 10447
0	 0	 0	 5428
0	 3	 0	 60275
1	 3	 0	 55652
0	 0	 0	 105
0	 0	 0	 54
0	 0	 0	 783
1	 2	 0	 74887
0	 0	 0	 3800
0	 0	 0	 5896
0	 3	 0	 113452
0	 2	 0	 119040
0	 0	 0	 1347
0	 0	 0	 9
0	 0	 0	 30130
0	 2	 0	 120361
0	 3	 0	 20316
0	 3	 0	 15766
0	 2	 2	 140368
1	 3	 1	 115393
