A	 C	 G	 T
1	 0	 1141	 0
1	 0	 557	 0
5	 2	 23857	 5
31	 9	 166558	 32
5	 1	 41606	 8
4	 0	 5580	 4
29	 4	 149305	 30
39	 9	 172408	 44
0	 1	 963	 1
0	 0	 133	 0
0	 0	 3337	 0
17	 7	 112651	 14
7	 3	 59977	 21
1	 0	 3592	 3
18	 6	 94300	 20
38	 13	 191183	 34
0	 0	 1774	 1
0	 0	 355	 0
3	 3	 11530	 4
31	 8	 131650	 24
1	 1	 3128	 1
0	 0	 117	 0
7	 0	 22481	 3
18	 8	 105967	 19
2	 0	 1341	 0
0	 0	 102	 0
0	 1	 1291	 3
8	 0	 36420	 15
6	 1	 18963	 4
5	 0	 12420	 6
12	 5	 77308	 14
37	 5	 137103	 56
0	 0	 1086	 2
0	 0	 166	 0
0	 0	 1871	 1
25	 7	 105610	 31
2	 0	 7620	 1
1	 0	 10785	 4
18	 7	 134239	 25
26	 7	 147246	 36
1	 1	 2264	 2
0	 0	 16	 0
10	 2	 42790	 12
34	 4	 152321	 29
12	 0	 38176	 18
4	 0	 33801	 9
30	 5	 177538	 38
31	 6	 146626	 20
