A	 C	 G	 T
0	 0	 10	 0
0	 0	 323	 0
1	 0	 19650	 2
14	 3	 153482	 4
5	 1	 35900	 2
0	 0	 3031	 0
5	 3	 137923	 2
6	 2	 154249	 5
0	 0	 70	 0
0	 0	 32	 0
0	 0	 1579	 0
12	 0	 100883	 10
3	 1	 52819	 4
0	 0	 2009	 1
6	 1	 80726	 7
15	 2	 169042	 5
0	 0	 683	 0
0	 0	 189	 0
0	 0	 9305	 0
3	 3	 119874	 4
2	 0	 1698	 0
0	 0	 56	 0
0	 0	 19352	 2
7	 1	 96444	 2
0	 0	 23	 0
0	 0	 27	 0
0	 0	 128	 0
2	 1	 31997	 1
1	 1	 11077	 1
1	 0	 6400	 0
3	 1	 69862	 3
9	 0	 59978	 12
0	 0	 115	 0
0	 0	 67	 0
1	 0	 857	 0
4	 1	 92198	 5
0	 0	 4156	 0
1	 0	 6333	 0
7	 3	 120537	 3
10	 3	 130621	 11
0	 0	 1380	 0
0	 0	 14	 0
4	 1	 37014	 1
1	 1	 137657	 16
5	 1	 22273	 1
2	 0	 18418	 0
12	 0	 159161	 12
12	 2	 130595	 11
