A	 C	 G	 T
0	 10	 0	 0
0	 338	 0	 0
1	 20806	 0	 2
5	 159047	 0	 15
1	 37239	 0	 2
2	 3151	 0	 2
3	 142897	 0	 11
6	 159744	 0	 9
0	 73	 0	 0
0	 32	 0	 0
0	 1660	 0	 0
3	 106748	 0	 6
2	 55162	 0	 4
0	 2107	 0	 0
3	 84707	 0	 8
3	 178975	 0	 8
0	 722	 0	 0
0	 196	 0	 0
0	 9633	 0	 0
3	 124778	 0	 11
0	 1762	 0	 0
0	 60	 0	 0
1	 20196	 0	 1
5	 100420	 0	 8
0	 24	 0	 0
0	 29	 0	 0
0	 142	 0	 0
1	 33556	 0	 4
2	 11586	 0	 0
2	 6810	 0	 1
4	 72328	 0	 10
5	 62896	 0	 10
0	 121	 0	 0
0	 70	 0	 0
0	 893	 0	 0
9	 99311	 0	 9
1	 4357	 0	 0
1	 6616	 0	 0
4	 125821	 0	 11
3	 135083	 0	 13
0	 1458	 0	 0
0	 14	 0	 0
1	 39475	 0	 1
6	 144103	 0	 11
0	 23220	 0	 2
2	 19427	 0	 0
5	 167465	 0	 19
4	 138446	 0	 15
