A	 C	 G	 T
0	 0	 12	 0
0	 0	 462	 1
3	 1	 21527	 13
13	 1	 160715	 42
5	 2	 38094	 18
0	 0	 5426	 2
6	 0	 141532	 36
5	 0	 167953	 47
0	 0	 76	 0
0	 0	 56	 0
0	 0	 1703	 1
8	 1	 109179	 20
4	 0	 56935	 11
1	 0	 3466	 2
6	 4	 91418	 22
8	 2	 185094	 33
0	 0	 800	 0
0	 0	 273	 0
1	 0	 9840	 3
12	 0	 128051	 31
0	 0	 2843	 2
0	 0	 81	 0
0	 0	 20756	 12
7	 2	 103298	 38
0	 0	 27	 0
0	 0	 31	 0
0	 0	 154	 0
4	 0	 34630	 15
0	 0	 18457	 8
0	 0	 12062	 6
6	 2	 74292	 22
6	 1	 66413	 24
0	 1	 121	 0
0	 0	 89	 0
0	 0	 927	 1
8	 1	 102550	 25
2	 0	 7369	 4
0	 0	 10489	 6
11	 1	 129768	 28
12	 0	 144200	 33
0	 0	 1508	 2
0	 0	 13	 0
3	 1	 40892	 20
14	 2	 148820	 35
2	 2	 36531	 12
0	 0	 33096	 16
13	 1	 172987	 21
9	 3	 143438	 25
