A	 C	 G	 T
11	 0	 0	 0
453	 0	 0	 0
21204	 0	 1	 1
157138	 0	 3	 1
37481	 0	 0	 0
5353	 0	 0	 0
137631	 0	 1	 1
164941	 0	 2	 3
73	 0	 0	 0
56	 0	 0	 0
1673	 0	 0	 0
107162	 0	 4	 1
55999	 0	 1	 0
3403	 0	 0	 0
89881	 0	 2	 1
182124	 0	 4	 3
769	 0	 0	 0
274	 0	 0	 0
9647	 0	 1	 0
126004	 0	 6	 1
2806	 0	 0	 0
77	 0	 0	 0
20395	 0	 0	 0
101449	 1	 1	 0
24	 0	 0	 0
30	 0	 0	 0
148	 0	 0	 0
34042	 0	 0	 1
18173	 0	 0	 1
11850	 0	 0	 0
72885	 0	 0	 2
65340	 0	 2	 2
115	 0	 0	 0
86	 0	 0	 0
907	 0	 0	 0
100558	 0	 2	 0
7239	 0	 3	 1
10286	 0	 0	 0
127289	 0	 1	 1
141681	 0	 0	 4
1488	 0	 0	 0
13	 0	 0	 0
40157	 0	 2	 3
146454	 0	 2	 1
35643	 0	 2	 2
32586	 0	 0	 0
170263	 0	 1	 5
141018	 0	 1	 0
