A	 C	 G	 T
0	 6	 0	 0
0	 224	 0	 0
0	 13574	 0	 0
2	 115066	 0	 0
0	 28686	 0	 0
0	 2198	 0	 0
3	 112592	 0	 1
1	 117034	 0	 5
0	 48	 0	 0
0	 18	 0	 0
0	 1055	 0	 0
0	 64719	 0	 0
0	 38048	 0	 1
0	 1149	 0	 0
0	 50812	 0	 1
2	 110542	 0	 1
0	 434	 0	 0
0	 110	 0	 0
0	 6441	 0	 0
1	 83907	 0	 0
0	 1189	 0	 0
0	 41	 0	 0
1	 15048	 0	 0
1	 66286	 0	 1
0	 15	 0	 0
0	 17	 0	 0
0	 79	 0	 0
0	 22194	 0	 0
1	 6155	 0	 0
1	 4240	 0	 0
1	 55128	 0	 0
1	 38254	 1	 2
0	 87	 0	 0
0	 41	 0	 0
0	 538	 0	 0
3	 57195	 1	 3
1	 3017	 0	 0
0	 4523	 0	 0
2	 77983	 1	 1
0	 88203	 0	 1
0	 738	 0	 0
0	 7	 0	 0
0	 22250	 0	 0
1	 91244	 0	 1
0	 16374	 0	 2
0	 10843	 0	 0
4	 100429	 0	 3
2	 91198	 0	 3
