A	 C	 G	 T
31	 64	 830	 1
2	 2	 374	 0
90	 75	 21967	 15
177	 95	 158464	 84
95	 133	 38868	 32
6	 3	 3172	 3
159	 127	 142878	 71
142	 109	 162811	 92
22	 36	 772	 2
1	 4	 79	 0
54	 60	 2907	 3
98	 84	 106495	 58
89	 101	 56428	 34
7	 2	 2111	 2
102	 76	 88635	 43
230	 162	 180636	 84
26	 43	 1443	 2
2	 2	 243	 0
54	 66	 10608	 7
99	 76	 124576	 83
7	 4	 1891	 1
0	 0	 79	 0
48	 66	 20873	 16
123	 65	 99810	 45
42	 57	 1043	 1
1	 5	 70	 0
26	 41	 966	 3
50	 44	 34166	 27
16	 3	 11555	 8
13	 4	 6818	 5
80	 73	 72704	 29
1711	 1628	 120246	 241
23	 37	 823	 0
1	 1	 114	 0
18	 48	 1567	 2
92	 68	 98332	 40
4	 5	 4366	 1
13	 5	 6549	 3
154	 119	 126210	 69
124	 73	 139293	 79
19	 25	 1988	 3
0	 0	 14	 0
57	 47	 39718	 21
128	 71	 142792	 64
34	 15	 23756	 19
19	 9	 19368	 11
180	 103	 166544	 92
130	 90	 137536	 76
