A	 C	 G	 T
0	 7	 0	 0
0	 296	 0	 0
1	 16985	 0	 0
10	 142755	 2	 5
2	 33419	 0	 1
0	 2805	 0	 0
7	 128544	 2	 6
8	 143628	 6	 6
0	 63	 0	 0
0	 30	 0	 0
0	 1429	 0	 0
7	 89045	 1	 3
2	 47809	 0	 2
1	 1824	 0	 0
6	 73021	 0	 3
7	 146658	 2	 9
0	 630	 0	 0
0	 170	 0	 0
1	 8512	 1	 0
8	 108949	 2	 4
0	 1575	 0	 0
0	 53	 0	 0
2	 17873	 0	 1
11	 88366	 3	 2
0	 19	 0	 0
0	 25	 0	 0
0	 109	 0	 0
4	 28416	 1	 0
0	 10124	 1	 0
1	 5578	 1	 0
6	 64837	 3	 4
5	 53576	 2	 0
0	 108	 0	 0
0	 60	 0	 0
0	 789	 0	 0
1	 78484	 0	 3
0	 3699	 1	 0
0	 5804	 0	 0
6	 111145	 3	 6
7	 119879	 2	 4
0	 1279	 0	 0
0	 11	 0	 0
0	 32391	 1	 2
6	 124557	 2	 3
1	 20286	 0	 2
2	 16250	 0	 1
3	 143462	 2	 4
11	 112898	 4	 4
