A	 C	 G	 T
0	 0	 0	 0
0	 0	 0	 0
3	 0	 33	 1
32	 2	 798	 9
3	 1	 173	 6
0	 0	 14	 0
12	 0	 547	 5
15	 3	 922	 3
1	 0	 1	 0
0	 0	 0	 0
1	 0	 6	 1
7	 1	 142	 4
13	 0	 188	 6
0	 0	 6	 0
5	 0	 162	 8
11	 2	 397	 4
0	 0	 1	 1
0	 0	 2	 0
0	 0	 38	 0
15	 3	 558	 6
0	 0	 9	 0
0	 0	 1	 0
4	 0	 88	 3
7	 1	 667	 7
0	 0	 0	 0
0	 0	 1	 0
0	 0	 0	 0
2	 0	 122	 4
1	 0	 42	 1
2	 0	 19	 2
11	 1	 283	 2
6	 2	 274	 19
0	 0	 0	 0
0	 0	 0	 0
0	 0	 8	 0
8	 0	 216	 12
1	 0	 18	 0
3	 0	 26	 0
12	 1	 436	 9
13	 4	 491	 9
0	 0	 3	 0
0	 0	 0	 0
5	 1	 29	 2
22	 3	 756	 7
1	 0	 81	 0
5	 0	 18	 1
21	 4	 294	 10
14	 2	 90	 5
