A	 C	 G	 T
85	 75	 482	 5
4	 3	 315	 0
183	 68	 15738	 27
140	 71	 135767	 102
263	 132	 33025	 50
5	 3	 2646	 0
237	 107	 127544	 90
155	 47	 137908	 84
79	 53	 474	 6
8	 2	 52	 0
150	 98	 2173	 9
125	 66	 89449	 58
161	 100	 46092	 46
7	 3	 1784	 0
147	 58	 75817	 63
429	 134	 141510	 79
70	 57	 1079	 8
3	 6	 196	 0
133	 66	 8971	 19
115	 40	 103985	 59
25	 7	 1601	 2
2	 0	 62	 0
145	 64	 17661	 20
131	 39	 79461	 63
92	 77	 698	 10
6	 6	 44	 0
123	 56	 584	 4
109	 51	 29035	 33
14	 4	 10255	 9
13	 4	 5579	 6
147	 54	 63381	 45
13784	 2780	 84328	 455
77	 64	 538	 1
5	 3	 84	 1
80	 45	 1191	 10
96	 47	 74543	 50
17	 5	 3636	 3
10	 8	 5638	 2
258	 74	 111797	 79
149	 41	 120480	 73
62	 37	 1635	 3
0	 0	 13	 0
102	 43	 31721	 32
132	 43	 107616	 82
18	 7	 20118	 9
17	 6	 15677	 11
173	 47	 137059	 85
143	 44	 99055	 62
