A	 C	 G	 T
9	 0	 0	 0
342	 0	 0	 0
21203	 0	 0	 0
162014	 1	 3	 1
38059	 0	 0	 0
3217	 0	 0	 0
145665	 0	 1	 4
163007	 1	 5	 1
76	 0	 0	 0
33	 0	 0	 0
1702	 0	 0	 0
109145	 0	 3	 2
56351	 0	 0	 0
2151	 0	 0	 0
86885	 1	 0	 1
182868	 0	 2	 1
747	 0	 0	 0
198	 0	 0	 0
9847	 0	 1	 0
127033	 0	 1	 0
1800	 0	 0	 0
59	 0	 0	 0
20593	 0	 1	 0
102456	 0	 0	 0
29	 0	 0	 0
29	 0	 0	 0
142	 0	 0	 0
34293	 0	 1	 0
11919	 0	 0	 1
6998	 0	 0	 1
74093	 0	 2	 4
64372	 0	 0	 0
123	 0	 0	 0
75	 0	 0	 0
914	 0	 0	 0
101753	 0	 0	 1
4458	 0	 0	 0
6771	 0	 0	 0
128864	 0	 1	 1
137795	 0	 3	 0
1495	 0	 0	 0
14	 0	 0	 0
40430	 0	 1	 0
146656	 1	 3	 1
23668	 0	 0	 0
19967	 0	 1	 0
171432	 0	 2	 0
141333	 0	 5	 1
