A	 C	 G	 T
1	 1	 3	 807
1	 2	 1	 452
0	 7	 15	 19270
2	 19	 68	 112474
15	 20	 15	 33466
0	 2	 2	 4027
3	 10	 53	 99448
3	 22	 67	 139316
1	 4	 1	 595
0	 1	 1	 98
2	 7	 6	 2661
1	 21	 39	 77575
2	 22	 26	 48842
0	 1	 1	 2938
0	 17	 43	 76665
9	 24	 65	 155279
2	 6	 1	 1439
0	 0	 2	 283
0	 7	 6	 9345
5	 19	 50	 106267
0	 2	 1	 2565
0	 0	 0	 99
1	 7	 12	 18190
0	 17	 52	 86401
1	 1	 0	 1079
0	 1	 0	 83
1	 1	 1	 1053
3	 13	 16	 29697
2	 5	 7	 15421
0	 5	 6	 10133
0	 21	 32	 62602
38	 80	 77	 110797
4	 5	 0	 869
0	 0	 0	 130
1	 2	 0	 1484
2	 10	 26	 85352
0	 0	 1	 5382
0	 3	 7	 8772
2	 26	 56	 108579
4	 28	 63	 104150
1	 5	 1	 1849
0	 0	 0	 13
0	 13	 25	 34723
0	 17	 72	 123429
2	 4	 11	 24326
0	 3	 19	 27600
6	 21	 56	 144463
3	 16	 54	 104953
