A	 C	 G	 T
0	 0	 0	 11
0	 0	 0	 443
0	 1	 0	 20847
1	 6	 0	 152831
0	 0	 0	 36733
0	 1	 0	 5298
0	 8	 0	 130819
1	 7	 0	 161851
0	 0	 0	 63
0	 0	 0	 53
0	 0	 0	 1643
0	 6	 0	 104863
1	 4	 0	 55161
0	 2	 0	 3383
2	 3	 0	 88525
1	 5	 0	 179822
0	 0	 0	 757
0	 0	 0	 264
0	 0	 0	 9451
1	 8	 1	 123675
0	 0	 0	 2764
0	 0	 0	 80
0	 0	 0	 20065
0	 4	 0	 100275
0	 0	 0	 23
0	 0	 0	 28
0	 0	 0	 154
1	 2	 0	 33672
0	 1	 0	 17897
0	 1	 0	 11701
2	 3	 0	 71615
2	 3	 0	 64438
0	 0	 0	 115
0	 0	 0	 87
0	 0	 0	 888
0	 6	 0	 99027
0	 0	 0	 7147
0	 1	 0	 10160
0	 7	 0	 125471
5	 4	 0	 139953
0	 0	 0	 1451
0	 0	 0	 13
1	 3	 0	 39606
2	 6	 0	 143948
1	 2	 0	 34193
0	 1	 0	 32258
3	 6	 0	 167620
3	 8	 0	 138946
