A	 C	 G	 T
0	 0	 0	 10
0	 0	 0	 334
1	 0	 0	 20189
2	 5	 0	 157874
0	 3	 0	 36988
0	 0	 0	 3133
1	 2	 0	 141747
3	 5	 0	 158677
0	 0	 0	 76
0	 0	 0	 32
0	 0	 0	 1642
6	 1	 0	 104771
0	 2	 0	 54385
0	 0	 0	 2092
4	 3	 0	 83472
11	 5	 0	 175604
0	 0	 0	 716
0	 0	 0	 191
1	 1	 0	 9518
5	 1	 0	 123827
0	 0	 0	 1748
0	 0	 0	 58
1	 0	 0	 19886
1	 3	 0	 98900
0	 0	 0	 23
0	 0	 0	 29
0	 0	 0	 131
0	 1	 0	 33250
0	 0	 0	 11536
0	 1	 0	 6745
6	 1	 0	 71658
2	 0	 0	 62253
0	 0	 0	 118
0	 0	 0	 69
0	 0	 0	 886
2	 3	 0	 97588
0	 0	 0	 4314
0	 0	 0	 6538
6	 3	 0	 124583
4	 3	 0	 134333
0	 0	 0	 1453
0	 0	 0	 14
1	 2	 0	 38373
3	 1	 0	 141017
0	 2	 0	 22980
0	 1	 0	 19142
1	 6	 0	 163587
1	 5	 0	 134719
