A	 C	 G	 T
11	 0	 0	 0
434	 0	 0	 0
20341	 0	 0	 0
148057	 0	 10	 0
35643	 0	 1	 0
5181	 0	 1	 0
121691	 1	 4	 0
157502	 2	 7	 0
65	 0	 0	 0
51	 0	 0	 0
1581	 0	 0	 0
101936	 0	 5	 0
53725	 0	 2	 0
3251	 0	 0	 0
86346	 0	 6	 0
175198	 1	 8	 1
741	 0	 0	 0
249	 0	 0	 0
9214	 0	 0	 0
120359	 2	 2	 0
2697	 0	 1	 0
77	 0	 0	 0
19532	 0	 0	 0
97733	 0	 4	 0
24	 0	 0	 0
28	 0	 0	 0
145	 0	 0	 0
32880	 0	 1	 0
17355	 0	 2	 0
11335	 0	 2	 0
69610	 0	 3	 0
62781	 0	 3	 0
110	 0	 0	 0
83	 0	 0	 0
869	 0	 0	 0
96410	 0	 3	 0
6895	 1	 1	 0
9817	 0	 1	 0
122154	 0	 7	 0
136744	 1	 5	 0
1389	 0	 0	 0
12	 0	 0	 0
38706	 1	 2	 0
140691	 6	 3	 0
30989	 0	 3	 0
31264	 0	 2	 0
163559	 1	 5	 0
135652	 1	 7	 0
