A	 C	 G	 T
0	 7	 0	 0
0	 139	 0	 0
0	 9309	 0	 0
2	 71470	 0	 0
0	 16987	 0	 0
0	 1435	 0	 0
3	 64922	 0	 1
0	 73503	 0	 1
0	 38	 0	 0
0	 20	 0	 0
0	 730	 0	 0
1	 47697	 0	 5
1	 24588	 0	 1
0	 923	 0	 0
1	 37828	 0	 2
2	 79925	 1	 1
0	 313	 0	 0
0	 87	 0	 0
0	 4351	 0	 0
1	 55348	 0	 0
0	 779	 0	 0
0	 21	 0	 0
0	 9153	 0	 0
6	 46176	 0	 1
0	 11	 0	 0
0	 14	 0	 0
0	 59	 0	 0
0	 15171	 0	 0
0	 5205	 0	 0
0	 3025	 0	 0
0	 32565	 0	 0
3	 27950	 0	 1
0	 58	 0	 0
0	 26	 0	 0
0	 456	 0	 0
0	 44352	 1	 1
0	 2002	 0	 0
0	 2907	 0	 0
3	 55729	 1	 2
0	 61965	 0	 0
0	 638	 0	 0
0	 7	 0	 0
1	 17578	 0	 0
1	 63482	 0	 0
1	 10591	 1	 0
0	 8693	 0	 1
0	 73537	 0	 0
2	 61951	 1	 0
