A	 C	 G	 T
0	 9	 0	 0
0	 344	 0	 0
0	 21246	 0	 0
3	 162879	 0	 4
1	 38172	 0	 3
0	 3237	 0	 0
3	 146483	 0	 2
5	 163708	 0	 7
0	 77	 0	 0
0	 33	 0	 0
0	 1706	 0	 0
1	 109346	 0	 4
1	 56483	 0	 1
0	 2164	 0	 0
2	 87005	 0	 2
5	 183192	 0	 6
0	 746	 0	 0
0	 200	 0	 0
0	 9869	 0	 1
9	 127895	 0	 3
0	 1808	 0	 0
0	 59	 0	 0
0	 20687	 0	 1
1	 103011	 0	 6
0	 29	 0	 0
0	 29	 0	 0
0	 142	 0	 0
1	 34352	 0	 1
0	 11943	 0	 1
0	 7016	 0	 0
0	 74289	 0	 1
6	 64685	 0	 2
0	 123	 0	 0
0	 75	 0	 0
0	 917	 0	 0
2	 101927	 0	 3
0	 4475	 0	 0
0	 6782	 0	 0
2	 129090	 0	 4
2	 138303	 0	 3
0	 1499	 0	 0
0	 14	 0	 0
3	 40471	 0	 3
3	 147246	 0	 5
3	 23774	 0	 1
2	 19984	 0	 1
4	 171688	 0	 4
4	 141470	 0	 5
