A	 C	 G	 T
0	 0	 7	 0
0	 0	 390	 0
0	 0	 18843	 1
3	 5	 134880	 2
1	 0	 32914	 0
0	 0	 4806	 0
0	 3	 110659	 14
3	 2	 145067	 5
0	 0	 61	 0
0	 0	 51	 0
1	 0	 1445	 1
4	 1	 93617	 2
1	 0	 49540	 1
0	 0	 3015	 0
3	 0	 79863	 3
4	 4	 161947	 3
0	 0	 671	 0
0	 0	 237	 0
0	 0	 8451	 1
5	 0	 110951	 5
0	 0	 2504	 0
0	 0	 70	 0
0	 0	 18068	 0
3	 0	 90630	 5
0	 0	 22	 0
0	 0	 28	 0
0	 0	 131	 0
1	 0	 30389	 0
0	 0	 16117	 1
2	 0	 10368	 0
2	 1	 63838	 7
0	 0	 58013	 6
0	 0	 103	 0
0	 0	 66	 0
0	 0	 811	 0
5	 1	 88687	 5
1	 1	 6342	 0
0	 0	 9138	 4
0	 1	 112810	 16
6	 0	 126854	 4
0	 0	 1298	 0
0	 0	 11	 0
2	 0	 35790	 1
6	 1	 129803	 6
2	 0	 28650	 6
0	 0	 28977	 2
2	 4	 150958	 6
4	 0	 125440	 7
