A	 C	 G	 T
0	 0	 11	 0
0	 0	 457	 0
4	 0	 21520	 0
26	 2	 160682	 7
9	 1	 38049	 1
0	 0	 5429	 2
20	 2	 143413	 3
27	 3	 167750	 3
0	 0	 77	 0
0	 0	 55	 0
0	 0	 1711	 0
15	 0	 108858	 1
8	 1	 56773	 2
1	 0	 3466	 0
8	 2	 91251	 6
18	 4	 184615	 2
1	 0	 789	 0
0	 0	 278	 0
3	 0	 9817	 0
19	 0	 127903	 5
0	 0	 2848	 0
2	 0	 79	 0
2	 0	 20710	 4
18	 2	 102928	 6
0	 0	 25	 0
0	 0	 29	 0
0	 0	 148	 0
7	 2	 34551	 1
1	 1	 18459	 1
0	 0	 12075	 0
9	 0	 74244	 2
11	 6	 66268	 8
0	 0	 121	 0
0	 0	 89	 0
0	 1	 915	 0
17	 2	 102420	 2
3	 1	 7345	 1
4	 0	 10471	 1
12	 2	 129512	 12
12	 4	 143157	 5
0	 0	 1507	 0
0	 0	 12	 0
6	 1	 40776	 2
18	 2	 148554	 4
2	 1	 36700	 2
4	 0	 33099	 3
23	 4	 172597	 1
20	 6	 142462	 1
