A	 C	 G	 T
0	 5	 0	 1
0	 104	 0	 0
0	 6467	 0	 0
1	 52035	 0	 2
1	 10728	 0	 0
0	 914	 0	 0
0	 36737	 0	 4
4	 65013	 0	 0
0	 21	 0	 0
0	 11	 0	 0
0	 368	 0	 0
1	 26085	 0	 0
0	 15651	 0	 1
0	 606	 0	 0
0	 22208	 0	 0
2	 52578	 0	 2
0	 239	 0	 1
0	 55	 0	 0
3	 2266	 0	 1
1	 38782	 0	 0
0	 459	 0	 0
0	 22	 0	 0
1	 5876	 0	 2
0	 29059	 0	 4
0	 7	 0	 0
0	 8	 0	 0
0	 40	 0	 0
0	 11299	 0	 1
0	 3621	 0	 1
0	 1910	 0	 0
1	 19863	 0	 1
2	 18348	 0	 0
0	 37	 0	 0
0	 19	 0	 0
0	 291	 0	 0
0	 26336	 0	 2
0	 1607	 0	 0
0	 2209	 0	 1
0	 41944	 0	 1
1	 37404	 0	 2
0	 489	 0	 0
0	 2	 0	 0
0	 9224	 0	 0
2	 46964	 0	 0
0	 7046	 0	 0
2	 5059	 0	 0
1	 45296	 0	 0
0	 47591	 0	 0
