A	 C	 G	 T
0	 10	 0	 0
0	 419	 0	 0
0	 19662	 0	 5
5	 147287	 2	 45
2	 34769	 0	 8
0	 4963	 0	 2
9	 131032	 1	 25
8	 153064	 1	 36
0	 69	 0	 0
0	 46	 0	 0
0	 1548	 0	 4
3	 99764	 0	 26
0	 51787	 0	 15
0	 3145	 0	 1
7	 82904	 2	 15
17	 168047	 1	 40
0	 723	 0	 0
0	 244	 0	 0
2	 8988	 0	 2
3	 116794	 1	 37
0	 2593	 0	 3
0	 71	 0	 0
1	 18876	 0	 5
2	 93716	 1	 23
0	 18	 0	 0
0	 28	 0	 0
0	 139	 0	 0
8	 31406	 0	 13
2	 16861	 1	 2
2	 10919	 0	 3
4	 67750	 0	 17
5	 60486	 6	 10
0	 110	 0	 0
0	 77	 0	 0
0	 840	 0	 0
2	 93261	 1	 38
0	 6768	 0	 0
0	 9526	 0	 1
4	 117946	 1	 36
6	 131076	 3	 26
0	 1368	 0	 0
0	 11	 0	 0
1	 37133	 0	 8
6	 135594	 2	 24
0	 33839	 0	 7
1	 30072	 0	 5
6	 157311	 1	 45
2	 130194	 0	 33
