A	 C	 G	 T
0	 0	 0	 12
0	 0	 0	 461
0	 1	 0	 21533
0	 3	 1	 160432
0	 0	 0	 38061
0	 0	 0	 5420
0	 4	 0	 141400
1	 2	 1	 167642
0	 0	 0	 75
0	 0	 0	 55
0	 0	 0	 1700
1	 7	 0	 109047
0	 2	 0	 56865
0	 0	 0	 3459
2	 1	 0	 91275
2	 5	 0	 184819
0	 0	 0	 797
0	 0	 0	 273
0	 1	 0	 9819
0	 5	 0	 127851
0	 0	 0	 2842
0	 0	 0	 81
0	 0	 0	 20716
0	 1	 0	 103174
0	 0	 0	 26
0	 0	 0	 31
0	 0	 0	 153
0	 1	 0	 34597
0	 1	 0	 18434
0	 0	 0	 12038
0	 2	 0	 74155
0	 2	 0	 66327
0	 0	 0	 121
0	 0	 0	 88
0	 0	 0	 923
1	 1	 0	 102398
0	 1	 0	 7367
0	 0	 0	 10480
1	 6	 0	 129568
0	 2	 0	 143975
0	 0	 0	 1506
0	 0	 0	 13
0	 1	 0	 40846
1	 3	 0	 148602
0	 2	 0	 36503
0	 1	 0	 33074
1	 4	 1	 172784
0	 2	 0	 143242
