A	 C	 G	 T
0	 0	 7	 0
0	 0	 138	 0
1	 0	 9386	 1
0	 0	 72061	 2
0	 0	 17135	 5
0	 0	 1441	 0
2	 0	 65572	 15
0	 1	 74184	 12
0	 0	 38	 0
0	 0	 20	 0
0	 0	 734	 0
1	 0	 48112	 3
0	 0	 24807	 3
0	 0	 932	 0
1	 0	 38124	 9
1	 0	 80571	 14
0	 0	 316	 0
0	 0	 86	 0
0	 0	 4389	 2
2	 1	 55727	 8
0	 0	 781	 0
0	 0	 23	 0
0	 0	 9230	 1
0	 0	 46595	 8
0	 0	 12	 0
0	 0	 14	 0
0	 0	 59	 0
0	 1	 15275	 2
0	 0	 5216	 1
0	 1	 3045	 1
0	 0	 32835	 2
1	 2	 28117	 12
0	 0	 58	 0
0	 0	 26	 0
0	 0	 458	 0
0	 0	 44724	 5
0	 0	 2015	 0
0	 0	 2938	 0
2	 0	 55947	 6
2	 0	 62465	 14
0	 0	 642	 0
0	 0	 7	 0
0	 0	 17744	 3
0	 2	 63926	 10
2	 0	 10696	 1
0	 0	 8779	 0
0	 0	 74040	 11
2	 0	 62366	 4
