A	 C	 G	 T
0	 8	 0	 0
0	 437	 0	 0
0	 20438	 0	 0
8	 151673	 1	 13
1	 35977	 1	 3
0	 5213	 0	 0
8	 130933	 4	 5
6	 158751	 0	 9
0	 69	 0	 0
0	 51	 0	 0
0	 1611	 0	 0
5	 103254	 1	 3
2	 53831	 1	 3
0	 3290	 0	 0
4	 86437	 0	 6
8	 175114	 1	 9
0	 740	 0	 0
0	 257	 0	 0
0	 9303	 0	 1
5	 120851	 0	 4
0	 2716	 0	 0
0	 76	 0	 0
1	 19535	 0	 0
5	 97801	 0	 4
0	 23	 0	 0
0	 27	 0	 0
0	 145	 0	 0
0	 32776	 0	 1
0	 17559	 1	 2
0	 11360	 0	 2
3	 70176	 1	 5
8	 62952	 8	 6
0	 115	 0	 0
0	 84	 0	 0
0	 880	 0	 0
13	 96852	 0	 0
0	 7016	 0	 0
1	 9911	 0	 1
6	 122556	 2	 5
8	 136490	 0	 7
0	 1432	 0	 0
0	 13	 0	 0
1	 38601	 2	 3
4	 140671	 2	 9
2	 33779	 0	 1
2	 31469	 0	 2
9	 163552	 0	 8
8	 135538	 0	 4
