A	 C	 G	 T
0	 0	 10	 0
0	 0	 444	 0
0	 0	 20654	 1
6	 5	 151371	 9
1	 1	 36401	 2
1	 0	 5210	 1
3	 1	 131193	 7
2	 0	 160743	 16
0	 0	 67	 0
0	 0	 55	 0
0	 0	 1607	 1
1	 1	 104055	 5
3	 2	 54587	 5
0	 0	 3302	 2
3	 0	 87562	 4
4	 3	 177551	 11
0	 0	 752	 0
0	 0	 265	 0
0	 0	 9343	 3
2	 2	 122559	 13
0	 0	 2693	 0
0	 0	 79	 0
0	 0	 19936	 4
0	 2	 99213	 5
0	 0	 25	 0
0	 0	 30	 0
0	 0	 149	 0
0	 0	 33215	 3
1	 0	 17633	 8
0	 0	 11501	 5
5	 0	 70906	 2
1	 3	 63681	 17
0	 0	 112	 0
0	 0	 83	 0
0	 0	 883	 0
2	 0	 97827	 11
0	 0	 7024	 2
2	 0	 10020	 0
5	 1	 124279	 3
4	 2	 138521	 6
0	 0	 1453	 1
0	 0	 12	 0
0	 1	 39153	 2
0	 0	 142700	 9
0	 0	 33784	 13
0	 1	 31785	 10
3	 0	 165925	 16
4	 1	 137288	 7
