A	 C	 G	 T
0	 0	 0	 10
0	 0	 0	 415
0	 0	 0	 19396
2	 1	 0	 144418
2	 1	 0	 34368
0	 0	 0	 4920
3	 7	 0	 127975
1	 6	 1	 150789
0	 0	 0	 67
0	 0	 0	 44
0	 1	 0	 1536
0	 6	 0	 98171
1	 0	 0	 51126
0	 0	 1	 3116
1	 4	 0	 81843
1	 7	 0	 165764
0	 0	 0	 710
0	 0	 0	 240
0	 0	 0	 8857
2	 5	 0	 115168
0	 0	 0	 2561
0	 0	 0	 72
0	 1	 0	 18645
0	 6	 0	 92659
0	 0	 0	 19
0	 0	 0	 28
0	 0	 0	 140
0	 0	 0	 30989
0	 0	 0	 16687
0	 1	 0	 10784
0	 1	 0	 66889
1	 4	 0	 59729
0	 0	 0	 110
0	 0	 0	 78
0	 0	 0	 824
1	 2	 0	 92005
0	 1	 0	 6669
0	 1	 0	 9394
2	 5	 1	 116494
0	 6	 0	 129304
0	 0	 0	 1347
0	 0	 0	 11
0	 3	 0	 36713
1	 3	 0	 133954
0	 4	 1	 33157
1	 1	 0	 29739
5	 4	 0	 155356
0	 7	 0	 128420
