A	 C	 G	 T
0	 0	 9	 0
1	 0	 447	 0
6	 0	 20813	 1
44	 5	 154554	 7
11	 2	 36606	 0
1	 0	 5314	 2
40	 1	 133169	 3
61	 1	 161763	 3
0	 0	 70	 0
0	 0	 53	 0
1	 1	 1644	 0
22	 1	 105029	 1
21	 1	 54831	 1
4	 0	 3362	 0
44	 1	 87943	 3
49	 5	 178302	 1
0	 0	 759	 0
0	 0	 262	 0
1	 0	 9472	 0
36	 3	 122982	 6
1	 0	 2770	 0
0	 0	 79	 0
10	 0	 19885	 0
35	 3	 99556	 3
0	 0	 23	 0
0	 0	 29	 0
0	 0	 146	 0
9	 0	 33374	 3
7	 1	 17899	 3
6	 2	 11583	 1
27	 1	 71499	 1
39	 2	 64085	 10
0	 0	 116	 0
0	 0	 84	 0
0	 0	 895	 0
35	 4	 98588	 4
1	 0	 7134	 1
7	 0	 10140	 2
43	 4	 124790	 4
48	 1	 138905	 6
1	 1	 1451	 0
0	 0	 13	 0
9	 2	 39336	 4
44	 5	 143267	 4
10	 2	 34455	 1
10	 0	 32103	 4
60	 1	 166478	 3
45	 3	 138070	 6
