A	 C	 G	 T
0	 12	 0	 0
0	 451	 0	 0
1	 21151	 1	 2
2	 156638	 0	 7
1	 37340	 0	 2
0	 5343	 0	 1
12	 136339	 1	 9
4	 164674	 3	 9
0	 72	 0	 0
0	 55	 0	 0
0	 1667	 0	 1
1	 106816	 0	 10
8	 55893	 0	 1
0	 3390	 0	 0
0	 89694	 1	 3
9	 181740	 1	 10
0	 770	 0	 0
0	 272	 0	 0
1	 9606	 0	 1
4	 125673	 2	 5
0	 2779	 0	 1
0	 79	 0	 0
0	 20379	 0	 1
3	 101307	 0	 5
0	 25	 0	 0
0	 30	 0	 0
0	 149	 0	 0
5	 33949	 1	 8
0	 18109	 0	 1
0	 11845	 0	 1
0	 72743	 2	 3
7	 65216	 3	 4
0	 114	 0	 0
0	 86	 0	 0
0	 901	 0	 0
1	 100289	 0	 10
0	 7220	 0	 0
0	 10248	 0	 2
0	 127137	 0	 5
2	 141455	 0	 7
0	 1485	 0	 0
0	 13	 0	 0
4	 40131	 0	 2
10	 146248	 2	 6
1	 35348	 0	 2
0	 32497	 0	 2
8	 169943	 11	 8
7	 140724	 0	 14
