A	 C	 G	 T
0	 0	 0	 0
0	 0	 0	 0
0	 12	 0	 0
0	 45	 0	 0
0	 11	 0	 0
0	 2	 0	 0
1	 45	 0	 0
0	 43	 0	 0
0	 0	 0	 0
0	 0	 0	 0
0	 0	 0	 0
0	 25	 0	 0
0	 13	 0	 0
0	 0	 0	 0
0	 22	 0	 0
0	 63	 0	 0
0	 0	 0	 0
0	 0	 0	 0
0	 4	 0	 0
0	 29	 0	 0
0	 0	 0	 0
0	 0	 0	 0
0	 4	 0	 0
0	 30	 0	 0
0	 0	 0	 0
0	 0	 0	 0
0	 0	 0	 0
0	 14	 0	 0
0	 1	 0	 0
0	 3	 0	 0
0	 28	 0	 0
0	 22	 0	 0
0	 0	 0	 0
0	 0	 0	 0
0	 0	 0	 0
0	 27	 0	 0
0	 1	 0	 0
0	 4	 0	 0
0	 40	 0	 0
0	 36	 0	 0
0	 2	 0	 0
0	 0	 0	 0
0	 13	 0	 0
0	 36	 0	 0
0	 7	 0	 0
0	 5	 0	 0
0	 57	 1	 0
0	 42	 0	 0
