A	 C	 G	 T
11	 0	 0	 0
444	 0	 0	 0
20522	 0	 0	 2
149946	 0	 2	 4
36127	 0	 0	 1
5188	 0	 0	 0
128463	 0	 4	 1
159633	 0	 2	 3
67	 0	 0	 0
54	 0	 0	 0
1592	 0	 0	 0
103125	 0	 1	 0
54244	 0	 0	 1
3285	 0	 0	 0
87024	 0	 5	 1
176545	 0	 2	 3
744	 0	 0	 0
263	 0	 0	 0
9272	 0	 0	 0
121654	 0	 1	 2
2682	 0	 0	 2
80	 0	 0	 0
19837	 0	 1	 0
98755	 0	 4	 1
26	 0	 0	 0
30	 0	 0	 0
148	 0	 0	 0
33022	 0	 0	 0
17478	 0	 1	 0
11427	 0	 1	 0
70458	 0	 1	 1
63408	 1	 0	 3
112	 0	 0	 0
84	 0	 0	 0
882	 0	 0	 0
97178	 0	 0	 1
6981	 0	 0	 0
9977	 0	 0	 0
123548	 0	 3	 2
137882	 0	 3	 1
1434	 0	 0	 0
11	 0	 0	 0
38913	 0	 0	 0
141836	 0	 0	 7
33006	 0	 0	 0
31583	 0	 0	 0
165007	 0	 3	 2
136569	 0	 5	 2
