A	 C	 G	 T
0	 8	 0	 0
0	 261	 0	 0
0	 13499	 0	 0
7	 122573	 0	 2
0	 28972	 0	 2
0	 2493	 0	 0
5	 107756	 0	 9
12	 122299	 0	 10
0	 56	 0	 0
0	 29	 0	 0
1	 1291	 0	 0
7	 76981	 0	 13
0	 39138	 0	 4
0	 1616	 0	 0
4	 65779	 0	 4
9	 121456	 0	 9
0	 557	 0	 0
0	 149	 0	 0
1	 7433	 0	 0
5	 94628	 0	 7
0	 1320	 0	 0
0	 50	 0	 0
4	 14772	 0	 1
3	 77423	 0	 3
0	 18	 0	 0
0	 22	 0	 0
0	 71	 0	 0
0	 23775	 0	 4
2	 9421	 0	 0
0	 4910	 0	 0
3	 55893	 0	 7
6	 47630	 0	 5
0	 96	 0	 0
0	 52	 0	 0
1	 670	 0	 0
5	 69273	 0	 2
1	 3078	 0	 1
1	 5099	 0	 0
7	 101189	 0	 0
6	 108557	 0	 10
0	 1187	 0	 0
0	 13	 0	 0
4	 28048	 0	 0
3	 108536	 0	 13
3	 17623	 0	 0
3	 14632	 0	 0
5	 126303	 0	 7
6	 95197	 0	 4
