A	 C	 G	 T
0	 0	 9	 0
0	 0	 272	 0
0	 1	 16880	 7
4	 1	 132086	 27
2	 0	 30883	 8
0	 0	 2603	 0
2	 0	 118751	 23
5	 5	 133603	 32
0	 0	 57	 0
0	 0	 26	 0
0	 0	 1333	 2
2	 1	 86469	 28
1	 0	 44691	 14
0	 0	 1720	 1
4	 1	 68813	 22
4	 3	 145142	 25
0	 0	 593	 2
0	 0	 157	 0
0	 0	 7967	 4
5	 0	 98477	 19
0	 0	 1476	 0
0	 0	 45	 0
1	 1	 16822	 8
3	 1	 83941	 33
0	 0	 23	 0
0	 0	 26	 0
0	 0	 117	 0
1	 0	 27717	 13
0	 0	 9557	 1
1	 0	 5531	 1
1	 0	 59608	 13
4	 1	 50062	 30
0	 0	 103	 0
0	 0	 52	 0
0	 0	 751	 1
2	 0	 79796	 14
0	 0	 3595	 0
0	 0	 5410	 0
3	 1	 104025	 18
3	 2	 112492	 13
0	 0	 1207	 1
0	 0	 13	 0
1	 1	 31542	 6
3	 0	 117164	 33
1	 1	 19528	 2
0	 0	 15609	 0
3	 2	 134876	 29
10	 0	 117381	 24
