A	 C	 G	 T
0	 0	 0	 5
0	 0	 0	 241
1	 0	 0	 13889
1	 3	 0	 104685
0	 0	 0	 24844
0	 0	 0	 2063
2	 0	 2	 91110
0	 2	 0	 100761
0	 0	 0	 48
0	 0	 0	 23
0	 0	 0	 1112
1	 1	 0	 68401
0	 0	 0	 37013
0	 0	 0	 1423
0	 0	 0	 56223
0	 1	 1	 118379
0	 0	 0	 483
0	 0	 0	 133
0	 0	 0	 6216
1	 2	 0	 87718
0	 0	 0	 1173
0	 0	 0	 40
0	 0	 0	 13946
0	 6	 0	 68423
0	 0	 0	 16
0	 0	 0	 17
0	 0	 0	 72
0	 0	 0	 23318
0	 0	 0	 7693
0	 0	 0	 4475
0	 0	 1	 46979
0	 0	 0	 42346
0	 0	 0	 78
0	 0	 0	 45
0	 0	 0	 563
0	 0	 0	 65802
0	 0	 0	 2736
0	 0	 0	 4256
0	 1	 0	 83341
0	 1	 0	 94084
0	 0	 0	 941
0	 0	 0	 6
0	 0	 0	 24789
0	 5	 0	 98651
0	 1	 0	 15517
0	 0	 0	 12500
0	 2	 0	 107640
0	 0	 0	 80862
