A	 C	 G	 T
10	 121	 12	 25
1	 9	 319	 1
28	 258	 16873	 67
18	 123	 155655	 50
31	 367	 34875	 88
1	 9	 3100	 3
16	 254	 130567	 60
26	 119	 162874	 31
13	 128	 68	 22
0	 8	 34	 1
25	 203	 1399	 50
16	 119	 87300	 34
23	 282	 45396	 63
1	 9	 1966	 2
18	 160	 74559	 56
40	 326	 145056	 109
13	 99	 696	 24
1	 8	 190	 0
17	 207	 8104	 33
13	 81	 109581	 28
4	 29	 1677	 7
0	 3	 53	 1
12	 158	 19710	 38
16	 101	 98935	 33
10	 198	 29	 33
0	 6	 30	 1
6	 148	 118	 52
14	 166	 28697	 43
1	 19	 11079	 5
4	 7	 5618	 2
15	 147	 63355	 54
576	 8242	 54728	 3970
8	 145	 104	 23
1	 6	 63	 2
7	 93	 893	 30
6	 126	 78936	 37
0	 22	 4179	 3
2	 9	 6392	 3
28	 260	 117580	 79
14	 123	 130317	 38
11	 74	 1474	 21
0	 1	 12	 0
16	 141	 32230	 38
12	 91	 120047	 38
3	 9	 22675	 3
1	 11	 16318	 4
27	 140	 139520	 31
9	 101	 116429	 30
