A	 C	 G	 T
0	 0	 8	 0
0	 0	 321	 0
2	 0	 19408	 1
9	 0	 152222	 5
0	 0	 35782	 2
0	 0	 3032	 0
7	 2	 136062	 5
8	 5	 152058	 7
0	 0	 73	 0
0	 0	 33	 0
0	 0	 1568	 0
7	 0	 98724	 2
4	 1	 52098	 6
0	 0	 2013	 0
4	 0	 79031	 1
7	 1	 166841	 5
0	 0	 678	 0
0	 0	 186	 0
2	 0	 8986	 1
8	 1	 119618	 2
0	 0	 1694	 0
0	 0	 58	 0
2	 0	 19137	 2
5	 0	 94802	 15
0	 0	 20	 0
0	 0	 27	 0
0	 0	 126	 0
2	 0	 32041	 1
0	 0	 11113	 0
0	 1	 6447	 1
7	 0	 68155	 3
1	 1	 59814	 7
0	 0	 117	 0
0	 0	 69	 0
0	 0	 855	 0
7	 1	 90348	 1
0	 0	 4158	 0
0	 0	 6272	 0
5	 2	 119920	 4
11	 0	 129785	 1
0	 0	 1395	 0
0	 0	 13	 0
2	 0	 36157	 8
7	 1	 135837	 4
2	 0	 21534	 0
1	 0	 18188	 1
9	 0	 155310	 5
6	 0	 131146	 5
