A	 C	 G	 T
0	 7	 0	 0
0	 267	 0	 0
0	 13978	 0	 1
8	 127506	 0	 10
1	 30001	 0	 5
0	 2603	 0	 0
5	 113002	 0	 5
2	 125830	 1	 5
0	 57	 0	 0
0	 26	 0	 0
0	 1386	 0	 0
4	 89415	 0	 4
1	 44711	 1	 3
0	 1705	 0	 0
1	 71798	 0	 6
4	 151550	 1	 9
0	 624	 0	 0
0	 163	 0	 0
0	 7788	 0	 1
4	 102711	 3	 6
0	 1423	 0	 0
0	 50	 0	 0
3	 16033	 0	 2
3	 77027	 0	 1
0	 20	 0	 0
0	 22	 0	 0
0	 119	 0	 0
1	 30053	 0	 1
0	 9661	 0	 1
0	 5598	 0	 0
2	 59702	 1	 2
0	 52264	 0	 4
0	 100	 0	 0
0	 55	 0	 0
0	 724	 0	 0
1	 80809	 0	 5
0	 3434	 0	 0
0	 5242	 0	 3
9	 104272	 1	 4
5	 111145	 1	 4
0	 1238	 0	 0
0	 11	 0	 0
2	 33309	 1	 0
2	 120052	 0	 5
1	 18577	 0	 0
1	 16400	 0	 0
2	 143910	 0	 5
4	 115296	 1	 5
