A	 C	 G	 T
0	 0	 0	 1
0	 0	 0	 76
0	 0	 0	 2545
0	 0	 0	 39134
0	 0	 0	 8782
0	 0	 0	 767
0	 0	 0	 30775
1	 0	 0	 42474
0	 0	 0	 16
0	 0	 0	 5
0	 0	 0	 234
0	 0	 0	 9967
0	 0	 0	 10417
0	 0	 0	 279
0	 0	 0	 10101
0	 0	 0	 27333
0	 0	 0	 153
0	 0	 0	 49
0	 0	 0	 2075
0	 0	 0	 25641
0	 0	 0	 392
0	 0	 0	 8
0	 0	 1	 4306
0	 0	 0	 29180
0	 0	 0	 4
0	 0	 0	 10
0	 0	 0	 8
0	 0	 0	 6105
0	 0	 0	 2155
0	 0	 0	 900
0	 0	 0	 14840
0	 0	 0	 13112
0	 0	 0	 29
0	 0	 0	 16
0	 0	 0	 229
0	 0	 0	 13092
0	 0	 0	 974
0	 0	 0	 1356
0	 0	 0	 24586
0	 0	 0	 28225
0	 0	 0	 289
0	 0	 0	 2
0	 0	 0	 1954
0	 0	 0	 40314
0	 0	 0	 5315
0	 0	 0	 1789
0	 0	 0	 20408
0	 0	 0	 8563
