A	 C	 G	 T
0	 11	 0	 0
0	 461	 0	 0
2	 21497	 0	 0
18	 160102	 0	 7
3	 37989	 0	 2
2	 5419	 0	 1
3	 140600	 1	 3
6	 167392	 0	 3
0	 74	 0	 0
0	 56	 0	 0
0	 1699	 0	 0
8	 108867	 0	 5
0	 56760	 0	 5
0	 3457	 0	 0
2	 91154	 0	 7
5	 184610	 1	 7
0	 789	 0	 0
0	 276	 0	 0
0	 9814	 0	 1
4	 127709	 0	 7
2	 2841	 0	 0
0	 78	 0	 0
2	 20676	 0	 0
4	 102929	 0	 2
0	 25	 0	 0
0	 30	 0	 0
0	 152	 0	 0
3	 34493	 0	 1
1	 18424	 0	 2
0	 12013	 0	 2
2	 74076	 0	 1
3	 66218	 0	 2
0	 120	 0	 0
0	 88	 0	 0
0	 920	 0	 0
2	 102226	 0	 2
0	 7363	 0	 0
2	 10465	 0	 0
7	 129324	 0	 9
6	 143667	 1	 3
0	 1509	 0	 0
0	 13	 0	 0
3	 40731	 1	 0
3	 148406	 1	 2
2	 36409	 0	 3
2	 33044	 0	 2
3	 172492	 1	 11
0	 143008	 1	 4
