A	 C	 G	 T
0	 11	 0	 0
1	 454	 0	 0
1	 21641	 0	 1
25	 160227	 0	 9
6	 38325	 0	 4
1	 5418	 0	 1
24	 143235	 2	 4
37	 168786	 2	 14
0	 73	 0	 0
0	 56	 0	 0
0	 1724	 0	 0
20	 108490	 1	 4
14	 57143	 1	 1
0	 3494	 1	 0
18	 91838	 1	 6
43	 185524	 4	 5
0	 794	 0	 0
0	 276	 0	 0
5	 9900	 0	 0
26	 128794	 0	 7
0	 2859	 1	 0
0	 78	 0	 0
3	 20832	 0	 2
40	 103579	 0	 4
0	 27	 0	 0
0	 30	 0	 0
0	 154	 0	 0
7	 34720	 0	 4
1	 18601	 0	 1
4	 12185	 0	 0
14	 74732	 0	 2
18	 66781	 1	 3
0	 122	 0	 0
0	 86	 0	 0
0	 924	 0	 0
19	 102962	 2	 1
1	 7354	 0	 0
3	 10560	 0	 0
26	 130208	 2	 3
35	 142834	 0	 9
0	 1521	 0	 0
0	 13	 0	 0
10	 41066	 1	 2
28	 149329	 1	 7
2	 36848	 0	 1
4	 33289	 0	 1
49	 173624	 0	 4
31	 142677	 0	 11
