A	 C	 G	 T
0	 0	 11	 0
0	 0	 343	 0
4	 1	 21183	 1
36	 9	 162184	 3
9	 1	 38008	 4
0	 0	 3217	 1
32	 8	 145925	 16
27	 5	 167154	 20
0	 0	 74	 0
0	 0	 33	 0
0	 0	 1702	 1
28	 6	 108967	 7
20	 2	 56206	 6
0	 0	 2158	 0
27	 3	 90569	 9
36	 8	 182481	 12
1	 0	 768	 0
0	 0	 201	 0
1	 0	 9841	 0
19	 6	 127404	 4
0	 0	 1805	 0
0	 0	 60	 0
2	 0	 20601	 4
24	 8	 102664	 5
0	 0	 29	 0
0	 0	 29	 0
0	 0	 141	 0
8	 1	 34215	 2
4	 0	 11888	 1
4	 0	 6995	 3
19	 4	 73953	 5
28	 6	 65831	 7
0	 0	 123	 0
0	 0	 76	 0
1	 0	 914	 0
21	 3	 101553	 13
1	 0	 4451	 0
2	 0	 6735	 1
30	 6	 128511	 3
32	 5	 142431	 12
1	 0	 1495	 0
0	 0	 15	 0
6	 4	 40363	 5
25	 6	 146713	 15
5	 1	 24516	 1
3	 1	 19887	 1
48	 7	 170909	 5
26	 2	 141057	 8
