A	 C	 G	 T
0	 8	 0	 0
0	 304	 0	 0
1	 17077	 0	 0
0	 137892	 0	 0
1	 32850	 0	 0
0	 2782	 0	 0
1	 125376	 1	 0
0	 137160	 0	 0
0	 65	 0	 0
0	 30	 0	 0
0	 1438	 0	 0
2	 88293	 0	 0
1	 47112	 1	 0
0	 1833	 0	 0
3	 71333	 0	 4
4	 148972	 1	 1
0	 618	 0	 0
0	 172	 0	 0
0	 8210	 0	 0
2	 108786	 2	 0
0	 1567	 0	 0
0	 54	 0	 0
2	 17012	 0	 0
1	 83451	 0	 0
0	 20	 0	 0
0	 23	 0	 0
0	 115	 0	 0
4	 29312	 0	 0
3	 10275	 0	 0
0	 5905	 0	 0
1	 62233	 0	 1
4	 54166	 1	 1
0	 109	 0	 0
0	 61	 0	 0
0	 762	 0	 0
3	 81072	 0	 0
0	 3779	 0	 0
1	 5735	 0	 0
2	 109277	 4	 3
4	 119532	 1	 1
0	 1261	 0	 0
0	 11	 0	 0
0	 32054	 0	 0
2	 120554	 0	 3
3	 20081	 1	 2
1	 16379	 0	 0
4	 137923	 0	 0
4	 116161	 0	 3
