A	 C	 G	 T
0	 0	 0	 0
0	 0	 4	 0
0	 0	 67	 1
0	 1	 1946	 2
0	 0	 399	 4
0	 0	 26	 0
1	 2	 1315	 6
0	 2	 2210	 6
0	 0	 0	 0
0	 0	 0	 0
0	 0	 9	 1
1	 1	 232	 2
0	 2	 421	 3
0	 0	 9	 0
0	 1	 277	 0
0	 0	 952	 4
0	 0	 6	 0
0	 0	 3	 0
0	 0	 76	 0
0	 0	 1068	 2
0	 0	 23	 0
0	 0	 0	 0
0	 0	 200	 0
1	 1	 1425	 1
0	 0	 0	 0
0	 0	 0	 0
0	 0	 0	 0
0	 0	 246	 0
0	 0	 84	 0
0	 0	 29	 0
0	 0	 596	 0
0	 3	 537	 2
0	 0	 0	 0
0	 0	 1	 0
0	 0	 10	 0
0	 0	 444	 0
0	 0	 47	 0
0	 0	 59	 0
1	 0	 908	 3
1	 0	 1075	 0
0	 0	 5	 0
0	 0	 0	 0
0	 0	 39	 0
0	 1	 1911	 3
0	 0	 212	 0
1	 0	 45	 0
0	 1	 574	 4
1	 0	 170	 4
