A	 C	 G	 T
72	 8	 5	 568
5	 0	 1	 318
62	 12	 13	 15952
59	 9	 8	 136031
124	 16	 20	 33341
3	 1	 0	 2651
96	 13	 11	 127877
46	 11	 3	 138153
54	 2	 6	 566
2	 0	 0	 60
98	 5	 10	 2324
54	 7	 8	 89654
95	 16	 11	 46306
3	 0	 1	 1790
53	 7	 5	 76032
115	 21	 11	 142071
56	 7	 6	 1155
6	 0	 1	 198
61	 9	 5	 9120
38	 14	 4	 104156
7	 0	 3	 1628
0	 0	 0	 64
60	 11	 5	 17822
37	 9	 12	 79646
68	 1	 8	 809
6	 0	 2	 50
54	 4	 5	 717
52	 6	 9	 29174
4	 0	 1	 10287
4	 0	 0	 5599
54	 9	 2	 63574
2516	 343	 94	 98829
63	 3	 6	 615
3	 1	 0	 90
41	 3	 6	 1278
45	 6	 6	 74693
5	 0	 2	 3655
8	 1	 2	 5649
75	 16	 7	 112126
38	 8	 7	 120706
35	 5	 6	 1696
0	 0	 0	 13
39	 6	 5	 31861
41	 10	 5	 107844
3	 1	 4	 20148
4	 0	 1	 15699
36	 14	 11	 137325
44	 6	 7	 99278
