A	 C	 G	 T
55	 2	 0	 764
1	 0	 0	 339
50	 6	 11	 19966
25	 15	 80	 145433
92	 6	 23	 35666
3	 2	 3	 2917
54	 7	 55	 131556
36	 12	 79	 149111
24	 3	 0	 718
3	 0	 0	 70
40	 1	 3	 2729
30	 16	 53	 98516
56	 7	 27	 52211
0	 0	 2	 1911
26	 15	 48	 81820
66	 25	 80	 167105
37	 3	 0	 1322
2	 1	 0	 216
51	 3	 3	 9734
19	 11	 56	 115161
3	 0	 1	 1721
0	 0	 0	 71
46	 4	 10	 19080
19	 12	 39	 91003
52	 0	 0	 974
5	 1	 0	 64
36	 0	 1	 903
33	 8	 16	 31694
0	 1	 7	 10512
1	 3	 5	 6302
38	 8	 26	 66744
1236	 87	 63	 110969
31	 0	 0	 757
1	 0	 0	 98
39	 3	 1	 1453
27	 6	 46	 90516
4	 0	 1	 3989
2	 0	 3	 6020
51	 8	 59	 116219
13	 13	 60	 128098
18	 2	 1	 1835
0	 0	 0	 12
23	 9	 16	 36893
12	 15	 55	 129613
1	 1	 20	 21777
1	 4	 9	 17863
30	 23	 72	 153724
22	 24	 55	 125060
