A	 C	 G	 T
0	 0	 0	 0
0	 0	 0	 0
0	 33	 0	 0
0	 827	 0	 1
0	 179	 0	 0
0	 13	 0	 0
0	 570	 0	 0
0	 942	 1	 1
0	 2	 0	 0
0	 0	 0	 0
0	 8	 0	 0
0	 143	 1	 0
0	 208	 0	 0
0	 6	 0	 0
0	 166	 0	 2
0	 392	 0	 0
0	 2	 0	 0
0	 1	 0	 0
0	 36	 0	 0
0	 585	 0	 0
0	 10	 0	 0
0	 1	 0	 0
0	 93	 0	 0
0	 677	 0	 2
0	 0	 0	 0
0	 1	 0	 0
0	 0	 0	 0
0	 123	 0	 0
0	 46	 0	 0
0	 21	 0	 0
0	 297	 0	 0
0	 286	 0	 0
0	 0	 0	 0
0	 0	 0	 0
0	 7	 0	 0
0	 234	 0	 0
0	 19	 0	 0
0	 28	 0	 0
0	 460	 0	 0
0	 528	 0	 1
0	 3	 0	 0
0	 0	 0	 0
0	 37	 0	 0
0	 783	 0	 0
0	 83	 0	 0
0	 23	 0	 0
0	 320	 0	 0
0	 103	 0	 0
