A	 C	 G	 T
0	 0	 0	 0
0	 0	 0	 5
0	 0	 0	 89
0	 0	 0	 2426
0	 0	 0	 499
0	 0	 0	 33
0	 0	 0	 1658
0	 0	 0	 2764
0	 0	 0	 0
0	 0	 0	 0
0	 0	 0	 14
0	 0	 0	 300
0	 0	 0	 547
0	 0	 0	 9
0	 0	 0	 369
0	 0	 0	 1259
0	 0	 0	 7
0	 0	 0	 4
0	 0	 0	 89
0	 0	 0	 1342
0	 0	 0	 30
0	 0	 0	 1
0	 0	 0	 258
0	 0	 0	 1764
0	 0	 0	 0
0	 0	 0	 0
0	 0	 0	 0
0	 0	 0	 318
0	 0	 0	 95
0	 0	 0	 36
0	 0	 0	 750
0	 0	 0	 688
0	 0	 0	 0
0	 0	 0	 2
0	 0	 0	 11
0	 0	 0	 569
0	 0	 0	 58
0	 0	 0	 81
0	 0	 0	 1133
0	 0	 0	 1355
0	 0	 0	 8
0	 0	 0	 0
0	 0	 0	 52
0	 1	 0	 2388
0	 0	 0	 272
0	 0	 0	 59
0	 0	 0	 730
0	 0	 0	 234
