A	 C	 G	 T
3	 37	 3	 652
1	 1	 0	 356
9	 38	 11	 15391
11	 58	 34	 99210
11	 78	 26	 29606
2	 3	 0	 3611
10	 81	 41	 82260
17	 44	 39	 111611
5	 26	 3	 451
0	 5	 0	 65
13	 34	 2	 2051
16	 29	 30	 68540
22	 88	 14	 39233
2	 2	 0	 2402
14	 44	 33	 61478
21	 107	 50	 125016
6	 36	 1	 1054
2	 4	 1	 223
10	 70	 15	 8129
12	 30	 22	 85179
3	 12	 2	 2056
0	 2	 0	 73
11	 60	 4	 14410
15	 53	 15	 69499
4	 56	 3	 767
0	 3	 0	 64
10	 60	 10	 748
13	 41	 12	 23872
0	 3	 2	 12451
1	 5	 5	 8125
5	 38	 18	 49868
177	 1793	 153	 85668
4	 43	 3	 608
0	 4	 0	 93
7	 35	 2	 1136
10	 39	 28	 68574
2	 6	 3	 4836
2	 8	 3	 7837
18	 39	 28	 87332
8	 41	 37	 92513
5	 29	 4	 1581
0	 0	 0	 7
7	 29	 9	 27860
11	 28	 26	 99025
5	 6	 6	 21510
5	 2	 5	 22423
27	 53	 43	 115971
16	 42	 41	 92025
