A	 C	 G	 T
0	 8	 0	 0
0	 315	 0	 0
0	 19313	 0	 0
6	 148828	 0	 2
2	 34670	 0	 0
0	 2939	 0	 0
1	 133114	 0	 2
2	 149165	 0	 4
0	 66	 0	 0
0	 33	 0	 0
0	 1555	 0	 0
3	 99721	 0	 2
2	 51497	 0	 0
0	 1971	 0	 0
7	 79153	 0	 4
2	 166971	 0	 5
0	 665	 0	 0
0	 181	 0	 0
0	 8958	 0	 0
2	 117376	 0	 2
0	 1649	 0	 0
0	 51	 0	 0
0	 18817	 0	 0
2	 93660	 0	 2
0	 22	 0	 0
0	 25	 0	 0
0	 125	 0	 0
0	 31333	 0	 0
0	 10756	 0	 0
1	 6334	 0	 0
2	 67356	 0	 1
2	 58767	 0	 5
0	 115	 0	 0
0	 59	 0	 0
0	 833	 0	 0
3	 92697	 0	 1
0	 4025	 0	 0
0	 6065	 0	 0
3	 117048	 0	 2
3	 126829	 0	 4
0	 1346	 0	 0
0	 14	 0	 0
0	 36715	 0	 0
2	 135131	 0	 2
1	 21611	 0	 1
0	 18115	 0	 2
4	 156227	 0	 4
3	 128375	 0	 0
