A	 C	 G	 T
10	 0	 0	 0
343	 0	 0	 0
21221	 0	 2	 0
162718	 0	 7	 3
38119	 0	 1	 0
3231	 0	 0	 0
146380	 0	 4	 1
163521	 1	 6	 0
77	 0	 0	 0
33	 0	 0	 0
1698	 0	 1	 0
109202	 0	 9	 1
56364	 1	 5	 0
2163	 0	 0	 0
86792	 0	 5	 0
182814	 1	 7	 2
748	 0	 0	 0
201	 0	 0	 0
9864	 0	 2	 0
127513	 1	 2	 0
1808	 0	 0	 0
59	 0	 0	 0
20631	 0	 0	 0
102806	 0	 4	 3
29	 0	 0	 0
28	 0	 0	 0
146	 0	 0	 0
34356	 0	 0	 0
11873	 0	 0	 0
6997	 0	 0	 0
74092	 0	 2	 0
64500	 0	 5	 0
123	 0	 0	 0
76	 0	 0	 0
915	 0	 0	 0
101793	 0	 6	 1
4465	 0	 0	 0
6743	 0	 0	 0
128640	 0	 6	 0
138166	 0	 3	 0
1490	 0	 0	 0
15	 0	 0	 0
40418	 0	 0	 0
147011	 0	 8	 2
23716	 0	 0	 1
19882	 1	 3	 0
171127	 2	 9	 2
141438	 0	 6	 1
