A	 C	 G	 T
0	 0	 0	 0
0	 17	 0	 0
0	 520	 0	 0
1	 12029	 0	 0
0	 2390	 0	 0
0	 334	 0	 0
0	 11784	 0	 0
0	 15310	 0	 1
0	 5	 0	 0
0	 0	 0	 0
0	 33	 0	 0
0	 1474	 0	 0
0	 1511	 0	 0
0	 58	 0	 0
1	 1332	 0	 2
0	 2311	 0	 0
0	 11	 0	 0
0	 14	 0	 0
0	 230	 0	 0
0	 5428	 0	 0
0	 196	 0	 0
0	 3	 0	 0
0	 1132	 0	 0
0	 5450	 0	 2
0	 3	 0	 0
0	 2	 0	 0
0	 1	 0	 0
0	 1503	 0	 0
0	 94	 0	 0
0	 109	 0	 0
0	 3760	 0	 1
0	 1101	 0	 0
0	 2	 0	 0
0	 4	 0	 0
0	 82	 0	 0
0	 955	 0	 0
0	 192	 0	 0
0	 153	 0	 0
0	 1450	 0	 0
0	 7327	 0	 0
0	 14	 0	 0
0	 0	 0	 0
0	 497	 0	 0
0	 6942	 0	 0
0	 1715	 0	 0
0	 235	 0	 0
0	 1806	 0	 0
0	 9081	 0	 1
