A	 C	 G	 T
0	 10	 0	 1
0	 344	 0	 0
0	 21277	 0	 1
18	 163298	 0	 8
2	 38258	 0	 2
3	 3237	 0	 0
7	 146870	 2	 12
13	 164134	 1	 4156
0	 75	 0	 0
0	 33	 0	 0
0	 1707	 0	 1
21	 109498	 0	 6
4	 56595	 0	 1
0	 2172	 0	 1
11	 87180	 1	 3893
27	 183586	 5	 21
0	 748	 0	 26
0	 202	 0	 0
1	 9894	 0	 0
16	 128080	 0	 8
0	 1817	 0	 0
0	 60	 0	 0
3	 20724	 1	 2
12	 103286	 0	 6
0	 29	 0	 0
0	 29	 0	 0
0	 141	 0	 0
7	 34404	 1	 1
4	 11968	 0	 2
0	 7039	 0	 0
5	 74513	 0	 4
15	 64786	 5	 1372
0	 124	 0	 0
0	 75	 0	 1
0	 923	 0	 0
9	 101995	 0	 7
1	 4486	 0	 0
1	 6786	 0	 2
10	 129391	 2	 15
10	 138569	 0	 4706
0	 1507	 0	 2
0	 15	 0	 0
1	 40549	 0	 4
19	 147456	 3	 10
2	 23837	 0	 820
2	 20009	 0	 2
10	 171973	 1	 28
18	 141699	 0	 7
