A	 C	 G	 T
0	 0	 10	 0
0	 0	 415	 0
1	 0	 19371	 0
15	 1	 144374	 2
8	 1	 34304	 0
0	 0	 4918	 0
12	 2	 128043	 4
15	 2	 150704	 4
0	 0	 65	 0
0	 0	 44	 0
0	 0	 1535	 0
8	 0	 98182	 3
7	 1	 51087	 0
1	 0	 3112	 0
9	 0	 81768	 3
22	 2	 165709	 4
0	 0	 708	 0
0	 0	 239	 0
0	 0	 8857	 0
5	 1	 115152	 1
0	 0	 2554	 0
0	 0	 71	 0
1	 0	 18626	 0
11	 2	 92507	 2
0	 0	 19	 0
0	 0	 28	 0
0	 0	 140	 0
6	 0	 30976	 0
5	 0	 16665	 0
2	 0	 10773	 2
10	 0	 66789	 1
4	 1	 59688	 5
0	 0	 110	 0
0	 0	 77	 0
0	 0	 827	 0
5	 1	 91983	 2
0	 0	 6676	 0
0	 0	 9391	 0
4	 2	 116315	 2
13	 2	 129246	 3
0	 0	 1345	 0
0	 0	 11	 0
1	 0	 36634	 1
12	 1	 133795	 1
1	 1	 33186	 0
5	 0	 29680	 2
9	 1	 155237	 2
19	 2	 128339	 3
