A	 C	 G	 T
9	 0	 0	 0
307	 0	 0	 0
18189	 0	 0	 0
136686	 0	 0	 2
32273	 0	 0	 0
2704	 0	 0	 0
125347	 0	 0	 1
135884	 1	 0	 1
61	 0	 0	 0
30	 0	 0	 0
1454	 0	 0	 0
93608	 0	 0	 1
48156	 0	 0	 0
1811	 0	 0	 0
74816	 1	 0	 1
156720	 1	 0	 0
623	 0	 0	 0
167	 0	 0	 0
8311	 0	 0	 0
109026	 0	 0	 0
1518	 0	 0	 0
51	 0	 0	 0
17706	 0	 0	 0
87021	 0	 0	 0
21	 0	 0	 0
23	 0	 0	 0
118	 0	 0	 0
29297	 0	 0	 0
10120	 0	 0	 0
5944	 0	 0	 0
63439	 1	 0	 1
54919	 0	 0	 1
106	 0	 0	 0
60	 0	 0	 0
749	 0	 0	 0
86832	 0	 0	 0
3758	 0	 0	 0
5662	 0	 0	 0
110111	 0	 0	 0
119738	 0	 0	 4
1264	 0	 0	 1
13	 0	 0	 0
34630	 0	 0	 0
122923	 0	 0	 0
20016	 0	 0	 0
17023	 0	 0	 0
146833	 0	 0	 1
120894	 0	 0	 0
