A	 C	 G	 T
2	 0	 16463	 0
1	 0	 15710	 1
3	 1	 36523	 0
2	 1	 17119	 3
2	 2	 23073	 0
2	 0	 29272	 3
3	 0	 24361	 0
4	 1	 25990	 0
3	 1	 28311	 3
2	 1	 24715	 1
2	 1	 25300	 0
2	 1	 23521	 1
2	 0	 18313	 0
0	 0	 7449	 0
3	 2	 28231	 0
0	 0	 31529	 1
4	 1	 19400	 0
2	 0	 23632	 1
2	 0	 27442	 1
2	 0	 27113	 1
0	 1	 29491	 1
1	 0	 24050	 0
1	 0	 25801	 2
2	 0	 32614	 6
2	 0	 14265	 1
1	 1	 25913	 0
4	 4	 35969	 1
1	 1	 28946	 1
4	 0	 26540	 1
1	 0	 13333	 2
1	 0	 34137	 2
1	 0	 14039	 0
0	 0	 4	 0
3	 0	 27518	 0
0	 1	 16431	 2
2	 0	 27240	 0
1	 0	 17945	 0
0	 0	 11965	 2
3	 0	 37508	 1
0	 0	 11782	 0
3	 0	 27795	 2
1	 0	 33658	 3
6	 0	 29480	 2
1	 0	 24927	 0
3	 0	 13404	 0
2	 0	 13434	 0
2	 1	 14847	 0
0	 0	 1240	 0
