A	 C	 G	 T
2	 10	 0	 19583
0	 14	 0	 17349
3	 11	 0	 39910
0	 3	 0	 19417
4	 7	 0	 25502
3	 9	 0	 32321
2	 8	 0	 27825
3	 1	 0	 29002
1	 16	 0	 32220
2	 6	 0	 27205
0	 6	 0	 26782
1	 5	 0	 26390
0	 10	 0	 20973
0	 1	 0	 8315
1	 10	 0	 30961
2	 4	 0	 34762
1	 4	 0	 20875
2	 5	 0	 26979
3	 10	 0	 30382
1	 3	 0	 29969
4	 9	 0	 32556
0	 5	 0	 26369
1	 7	 0	 28311
3	 3	 0	 36291
2	 6	 0	 15394
3	 7	 0	 28591
1	 7	 1	 39937
2	 10	 0	 31544
2	 4	 0	 29246
0	 5	 0	 14402
5	 12	 0	 37818
2	 1	 0	 15523
0	 0	 0	 5
2	 9	 0	 30150
1	 7	 0	 18153
3	 8	 0	 29712
0	 4	 0	 19645
0	 0	 0	 13167
2	 15	 0	 41414
1	 1	 0	 13319
1	 11	 0	 29690
2	 11	 0	 37372
3	 6	 0	 32223
2	 5	 0	 27528
1	 4	 0	 15414
1	 1	 0	 14731
2	 6	 0	 16472
0	 2	 0	 1342
