A	 C	 G	 T
3	 19838	 0	 2
2	 17500	 0	 2
7	 40308	 1	 5
0	 19604	 0	 1
5	 25689	 1	 2
3	 32734	 0	 5
1	 28039	 1	 1
4	 29251	 0	 2
5	 32504	 1	 4
1	 27455	 0	 5
2	 27010	 0	 3
2	 26568	 0	 0
2	 21181	 0	 2
0	 8381	 0	 1
3	 31246	 0	 2
1	 35077	 1	 3
1	 21101	 0	 2
1	 27181	 0	 0
4	 30654	 1	 4
2	 30182	 1	 3
4	 32825	 0	 6
3	 26578	 0	 1
1	 28630	 1	 3
1	 36653	 1	 3
0	 15541	 1	 0
3	 28851	 0	 3
4	 40435	 1	 5
4	 31899	 0	 2
3	 29511	 0	 3
1	 14565	 0	 2
3	 38168	 1	 4
2	 15666	 0	 0
0	 4	 0	 0
5	 30474	 0	 6
0	 18371	 0	 4
3	 29976	 1	 3
1	 19830	 0	 2
0	 13251	 0	 1
4	 41880	 0	 2
0	 13420	 0	 2
2	 30037	 0	 3
3	 37721	 0	 7
9	 32494	 1	 10
5	 27789	 1	 0
2	 15567	 0	 2
0	 14876	 0	 2
2	 16629	 0	 3
0	 1349	 0	 1
