A	 C	 G	 T
0	 0	 1275	 0
0	 0	 2010	 0
0	 0	 3638	 0
0	 0	 2055	 0
0	 0	 2627	 0
0	 0	 3331	 0
0	 0	 2997	 0
0	 0	 2606	 1
0	 0	 3481	 0
0	 0	 2445	 0
0	 0	 3006	 0
0	 0	 2914	 0
0	 0	 2162	 0
0	 0	 877	 0
0	 0	 3218	 0
0	 0	 3879	 0
0	 0	 2170	 1
0	 0	 2968	 0
0	 0	 3238	 0
0	 0	 2878	 0
0	 0	 3440	 1
0	 0	 2787	 0
0	 0	 1722	 0
0	 0	 3456	 1
0	 0	 1599	 0
0	 0	 2617	 0
2	 0	 3599	 0
0	 0	 3086	 0
0	 0	 3056	 0
0	 0	 1738	 1
0	 0	 3211	 0
0	 0	 1662	 0
0	 0	 2	 0
0	 0	 3337	 0
0	 0	 1822	 0
0	 0	 3153	 1
0	 0	 1996	 0
0	 0	 1397	 0
0	 0	 4090	 0
0	 0	 1477	 0
0	 0	 2475	 0
1	 0	 3381	 0
0	 0	 3674	 0
0	 0	 2551	 0
0	 0	 1611	 0
0	 0	 1612	 0
0	 0	 1581	 0
0	 0	 130	 0
