A	 C	 G	 T
18709	 0	 0	 1
16500	 0	 1	 0
38297	 0	 2	 2
18554	 0	 0	 2
24309	 0	 0	 0
30797	 0	 0	 0
26570	 0	 2	 0
27682	 0	 1	 2
30710	 0	 2	 1
26022	 0	 0	 0
25530	 0	 0	 0
25263	 0	 0	 1
20002	 1	 4	 0
7945	 0	 0	 0
29560	 0	 0	 1
33220	 0	 0	 1
19867	 0	 1	 0
25767	 0	 0	 0
29021	 1	 0	 0
28592	 0	 1	 1
31122	 0	 1	 0
25171	 0	 0	 0
27152	 0	 0	 0
34766	 0	 2	 0
14655	 0	 1	 1
27289	 0	 2	 0
38232	 0	 1	 2
30113	 0	 2	 1
27941	 0	 0	 0
13714	 0	 1	 2
36021	 0	 1	 1
14860	 0	 0	 1
4	 0	 0	 0
28903	 0	 2	 2
17430	 0	 0	 0
28426	 0	 0	 1
18763	 0	 1	 0
12532	 0	 0	 1
39535	 0	 4	 1
12739	 0	 0	 1
28350	 0	 0	 0
35696	 0	 0	 1
30793	 0	 0	 1
26336	 0	 1	 1
14663	 0	 0	 1
14066	 0	 1	 1
15735	 0	 0	 0
1262	 0	 0	 0
