A	 C	 G	 T
16007	 0	 4	 0
15046	 0	 5	 0
35160	 0	 2	 2
16540	 1	 0	 0
22150	 1	 3	 0
28167	 0	 5	 2
23657	 0	 2	 1
24977	 0	 2	 0
27707	 0	 6	 0
23687	 0	 4	 0
24208	 0	 3	 2
22910	 0	 1	 0
17586	 0	 4	 0
7177	 0	 0	 0
27104	 0	 2	 0
30309	 0	 2	 3
18645	 0	 2	 1
22729	 0	 2	 1
26291	 1	 2	 0
26147	 0	 2	 1
28291	 0	 3	 1
23176	 0	 0	 1
24787	 0	 1	 0
31358	 0	 3	 1
13649	 1	 0	 1
24802	 0	 1	 1
34510	 0	 2	 0
27696	 0	 2	 2
25503	 0	 4	 1
12771	 0	 2	 2
32765	 0	 6	 1
13513	 0	 2	 0
3	 0	 0	 0
26468	 0	 2	 0
15740	 0	 3	 0
26133	 1	 2	 0
17404	 0	 3	 1
11493	 0	 0	 1
36024	 0	 6	 2
11445	 0	 0	 1
26717	 0	 4	 0
32347	 0	 1	 1
28341	 0	 2	 2
23906	 0	 0	 0
13124	 0	 0	 0
12926	 0	 0	 0
14307	 1	 0	 0
1201	 0	 0	 0
