A	 C	 G	 T
0	 2	 0	 13614
1	 5	 0	 13193
0	 5	 0	 29510
0	 2	 0	 14569
0	 6	 0	 19081
0	 8	 0	 24508
0	 3	 0	 20920
0	 2	 0	 21215
0	 6	 0	 24078
0	 6	 0	 19981
0	 5	 0	 20267
0	 3	 0	 19970
0	 5	 0	 15632
0	 0	 0	 6188
0	 7	 0	 23366
0	 5	 0	 26363
0	 2	 0	 15721
0	 3	 0	 20313
0	 2	 0	 23019
0	 10	 0	 22238
0	 3	 0	 24331
0	 7	 0	 19705
1	 3	 0	 19542
0	 4	 0	 26918
0	 2	 0	 11500
0	 1	 0	 21286
0	 7	 0	 29630
0	 2	 0	 23414
0	 5	 0	 21925
0	 0	 0	 10936
0	 5	 0	 27621
0	 2	 0	 11695
0	 0	 0	 4
0	 2	 0	 22711
0	 0	 0	 13693
0	 4	 0	 22400
0	 1	 0	 14627
0	 3	 0	 9840
0	 8	 0	 30861
0	 1	 0	 10032
0	 10	 0	 21430
0	 2	 0	 27494
0	 6	 0	 24350
0	 4	 0	 20362
0	 3	 0	 11405
0	 4	 0	 11046
0	 2	 0	 12312
0	 1	 0	 1012
