A	 C	 G	 T
6	 1	 3148	 0
6	 0	 3226	 0
9	 4	 7030	 2
4	 1	 3412	 0
6	 0	 4410	 1
8	 3	 5708	 1
7	 2	 4866	 1
7	 3	 4850	 1
10	 3	 5631	 0
3	 1	 4576	 0
2	 2	 4660	 0
5	 2	 4835	 0
5	 0	 3509	 0
4	 0	 1441	 0
6	 0	 5340	 3
4	 2	 6174	 3
5	 0	 3482	 0
2	 0	 4963	 0
6	 0	 5181	 0
6	 0	 5095	 0
10	 1	 5737	 2
3	 1	 4579	 1
5	 0	 4762	 0
4	 2	 6218	 0
4	 0	 2627	 0
7	 1	 5282	 1
4	 2	 8462	 2
10	 0	 5462	 0
10	 0	 5075	 1
3	 0	 2535	 0
12	 3	 6502	 1
1	 1	 2747	 0
0	 0	 1	 0
13	 2	 5346	 0
3	 1	 3141	 0
4	 2	 5325	 0
4	 1	 3490	 1
1	 0	 2240	 0
9	 1	 6899	 2
2	 0	 2518	 0
7	 3	 4984	 1
9	 3	 6393	 1
5	 4	 5701	 5
6	 1	 5018	 1
5	 2	 2589	 0
2	 1	 2800	 0
4	 1	 2877	 0
1	 0	 221	 0
