A	 C	 G	 T
0	 2	 0	 20026
0	 1	 0	 17744
1	 4	 1	 40864
0	 0	 0	 19843
0	 3	 0	 26060
1	 3	 0	 32978
3	 3	 0	 28549
0	 2	 0	 29591
6	 4	 0	 32988
0	 2	 0	 27789
0	 1	 0	 27473
0	 0	 0	 26942
0	 0	 0	 21478
0	 0	 0	 8504
0	 3	 0	 31696
2	 5	 0	 35610
0	 1	 1	 21360
1	 0	 0	 27552
1	 6	 0	 31048
0	 2	 0	 30684
0	 3	 0	 33264
0	 1	 0	 27016
1	 0	 0	 28932
0	 2	 0	 37162
0	 1	 1	 15800
0	 2	 0	 29177
0	 5	 0	 40957
0	 2	 0	 32433
0	 5	 0	 29873
1	 1	 0	 14781
0	 1	 0	 38685
0	 2	 0	 15894
0	 0	 0	 5
0	 1	 0	 30942
0	 4	 0	 18581
0	 3	 0	 30432
0	 2	 0	 20120
0	 0	 0	 13464
0	 3	 3	 42467
1	 2	 0	 13638
0	 4	 1	 30399
0	 3	 0	 38158
0	 2	 0	 33029
0	 0	 0	 28210
1	 0	 0	 15805
0	 1	 0	 15098
0	 0	 0	 16870
0	 0	 0	 1382
