A	 C	 G	 T
0	 16678	 0	 0
0	 15729	 0	 0
0	 36675	 0	 2
0	 17391	 0	 3
0	 23076	 2	 1
0	 29424	 0	 0
0	 24790	 0	 1
2	 26128	 0	 0
5	 28988	 1	 1
1	 24804	 0	 1
4	 25328	 0	 1
0	 23872	 0	 0
1	 18380	 1	 1
0	 7514	 0	 0
0	 28347	 0	 1
0	 31671	 0	 0
0	 19499	 0	 2
0	 23791	 0	 0
1	 27552	 0	 0
0	 27322	 0	 2
0	 29525	 0	 2
0	 24159	 0	 1
0	 25869	 0	 1
0	 32774	 0	 0
0	 14318	 0	 1
0	 26001	 2	 2
1	 36036	 0	 0
2	 29084	 0	 1
1	 26634	 0	 0
2	 13396	 1	 2
1	 34272	 1	 2
0	 14106	 0	 0
0	 5	 0	 0
1	 27739	 0	 1
0	 16500	 0	 1
1	 27394	 1	 0
0	 18190	 0	 3
1	 12048	 0	 1
0	 37650	 0	 0
1	 11938	 0	 0
0	 27923	 0	 2
0	 33770	 0	 3
1	 29600	 2	 3
2	 25046	 0	 1
0	 13723	 0	 0
3	 13471	 0	 0
0	 14939	 0	 1
0	 1261	 0	 0
