A	 C	 G	 T
0	 3	 0	 11804
0	 4	 0	 11813
0	 6	 0	 28863
0	 1	 0	 11919
0	 5	 0	 17012
0	 4	 1	 19694
0	 5	 0	 17805
0	 3	 0	 18153
0	 10	 0	 20758
0	 3	 0	 16579
0	 5	 1	 18533
0	 5	 0	 18245
0	 4	 0	 14318
0	 1	 0	 5362
1	 11	 0	 19922
0	 4	 0	 24125
0	 4	 0	 14171
0	 3	 1	 17546
1	 6	 0	 21096
0	 6	 1	 20160
0	 7	 0	 20157
0	 9	 0	 17817
0	 7	 0	 18775
0	 10	 0	 22596
0	 4	 0	 10112
0	 7	 0	 18845
0	 9	 0	 27244
2	 3	 0	 21383
0	 11	 0	 19182
0	 5	 1	 9968
1	 3	 0	 22866
0	 0	 0	 10444
0	 0	 0	 1
0	 1	 0	 19578
0	 4	 0	 11483
0	 1	 0	 21065
0	 6	 1	 13087
0	 3	 0	 8617
0	 8	 0	 26451
0	 1	 0	 8212
0	 4	 1	 18167
0	 10	 0	 22723
1	 5	 1	 22729
0	 2	 0	 18923
0	 3	 0	 10166
0	 3	 0	 9957
0	 3	 0	 10426
0	 0	 0	 976
