A	 C	 G	 T
4	 19945	 0	 6
1	 17585	 0	 0
1	 40530	 0	 8
1	 19723	 0	 2
0	 25888	 0	 8
4	 32783	 0	 134
0	 28277	 0	 3
2	 29425	 0	 2
2	 32744	 0	 7
1	 27632	 0	 2
0	 27220	 0	 6
0	 26739	 0	 4
4	 21292	 0	 3
0	 8447	 0	 1
1	 31437	 0	 5
1	 35272	 0	 85
0	 21197	 0	 62
0	 27353	 0	 5
0	 30888	 0	 8
0	 30394	 0	 6
0	 33071	 0	 5
0	 26738	 1	 5
0	 28754	 0	 3
1	 36863	 0	 9
1	 15646	 0	 4
1	 29018	 0	 10
1	 40601	 0	 151
1	 32081	 0	 5
2	 29639	 0	 7
0	 14652	 0	 1
1	 38373	 0	 7
1	 15781	 0	 0
0	 5	 0	 0
2	 30646	 0	 5
1	 18449	 0	 3
8	 30192	 0	 7
0	 19977	 1	 1
1	 13372	 0	 3
1	 42123	 0	 8
0	 13526	 0	 1
2	 30197	 0	 9
1	 37873	 0	 10
0	 32722	 0	 58
2	 27911	 0	 2
1	 15669	 0	 0
1	 14965	 0	 0
0	 16746	 0	 6
1	 1363	 0	 0
