A	 C	 G	 T
2	 0	 16455	 0
0	 0	 15559	 0
5	 2	 36217	 0
1	 1	 17158	 2
3	 1	 22759	 0
1	 1	 29044	 3
3	 1	 24375	 1
1	 0	 25778	 2
2	 0	 28472	 1
0	 0	 24486	 2
2	 1	 25010	 0
0	 2	 23589	 1
0	 0	 18152	 1
0	 0	 7416	 1
4	 2	 27907	 0
3	 1	 31272	 0
0	 1	 19213	 0
0	 0	 23409	 1
2	 2	 27115	 7
1	 1	 26938	 1
5	 1	 29147	 2
2	 2	 23866	 1
1	 3	 25552	 5
1	 1	 32402	 6
1	 0	 14121	 1
1	 0	 25626	 1
2	 2	 35575	 1
1	 1	 28675	 1
0	 0	 26279	 0
1	 0	 13163	 1
1	 2	 33820	 0
0	 0	 13939	 1
0	 0	 3	 0
4	 1	 27378	 1
0	 0	 16315	 1
2	 0	 26990	 6
0	 0	 17934	 0
1	 0	 11858	 0
1	 1	 37148	 1
3	 0	 11800	 1
4	 0	 27541	 1
2	 1	 33342	 4
2	 1	 29237	 1
2	 1	 24702	 1
1	 1	 13503	 1
1	 1	 13316	 0
0	 0	 14730	 0
0	 0	 1242	 0
