A	 C	 G	 T
25270	 36	 15	 3
23981	 25	 8	 3
47899	 41	 16	 3
26050	 28	 9	 1
35740	 40	 20	 0
42583	 38	 28	 4
35695	 49	 15	 1
33412	 26	 16	 1
37339	 34	 15	 1
32864	 33	 14	 2
32695	 22	 14	 2
30854	 17	 11	 1
24452	 20	 11	 4
15299	 20	 2	 1
41350	 37	 19	 4
41291	 32	 14	 1
25833	 18	 14	 3
33515	 26	 12	 1
39370	 35	 18	 2
36337	 34	 13	 3
39675	 38	 20	 2
31496	 30	 15	 2
40182	 37	 18	 4
45193	 37	 13	 1
20047	 19	 14	 2
34527	 30	 12	 2
48444	 42	 26	 4
37963	 28	 20	 4
36678	 36	 21	 3
20675	 26	 10	 2
46602	 35	 22	 0
36397	 29	 8	 3
13	 1	 0	 0
38949	 44	 26	 3
24015	 24	 9	 3
35512	 34	 9	 2
27677	 31	 12	 1
19930	 23	 5	 2
52620	 42	 28	 2
16506	 14	 5	 1
36089	 21	 18	 1
42861	 45	 24	 6
38701	 28	 18	 0
31600	 18	 6	 0
26703	 34	 9	 0
18642	 20	 8	 2
20960	 20	 8	 0
3547	 8	 1	 1
