A	 C	 G	 T
1	 6	 0	 20030
0	 4	 0	 17693
2	 12	 0	 40748
0	 2	 0	 19860
2	 8	 0	 25985
1	 8	 0	 32909
0	 7	 0	 28449
0	 10	 0	 29625
1	 9	 0	 32933
4	 4	 0	 27785
1	 9	 1	 27358
1	 2	 0	 26916
0	 7	 0	 21424
0	 0	 0	 8482
3	 5	 0	 31635
2	 3	 0	 35515
1	 10	 0	 21302
0	 5	 0	 27519
1	 6	 0	 30983
0	 5	 0	 30612
0	 5	 0	 33216
1	 5	 0	 26917
0	 3	 0	 28988
1	 11	 0	 37117
0	 4	 0	 15762
3	 11	 1	 29146
1	 11	 0	 40780
1	 5	 0	 32301
1	 6	 0	 29802
0	 7	 0	 14735
0	 11	 1	 38639
0	 3	 0	 15854
0	 0	 0	 5
2	 6	 0	 30821
0	 5	 0	 18578
0	 1	 0	 30345
0	 6	 0	 20059
0	 3	 0	 13410
1	 10	 0	 42395
0	 2	 1	 13615
1	 10	 0	 30373
0	 8	 0	 38137
3	 5	 0	 32934
0	 2	 0	 28119
1	 6	 0	 15760
0	 1	 0	 15048
2	 5	 0	 16835
0	 0	 0	 1373
