A	 C	 G	 T
19283	 0	 2	 1
17012	 0	 2	 0
39252	 0	 2	 1
19060	 0	 0	 0
25022	 0	 0	 2
31588	 0	 4	 0
27323	 0	 0	 3
28466	 0	 0	 0
31569	 0	 2	 0
26721	 0	 1	 0
26205	 1	 1	 0
25861	 0	 0	 1
20550	 0	 0	 0
8158	 0	 0	 0
30362	 0	 1	 0
34130	 0	 1	 0
20410	 0	 0	 0
26482	 0	 0	 0
29740	 0	 2	 0
29409	 0	 0	 1
31975	 0	 0	 0
25875	 0	 0	 2
27880	 0	 1	 0
35725	 0	 0	 2
15065	 0	 1	 0
28042	 0	 1	 1
39255	 0	 0	 0
31014	 0	 1	 0
28648	 0	 0	 0
14110	 0	 2	 0
37016	 0	 1	 1
15245	 0	 0	 0
4	 0	 0	 0
29695	 0	 1	 0
17908	 0	 0	 1
29165	 0	 0	 0
19273	 0	 3	 0
12910	 0	 0	 1
40664	 0	 3	 0
13105	 0	 0	 0
29103	 0	 2	 0
36644	 0	 1	 1
31602	 0	 2	 0
27049	 0	 1	 1
15109	 0	 1	 0
14467	 0	 0	 0
16185	 0	 1	 1
1310	 0	 0	 0
