A	 C	 G	 T
1	 5	 0	 15863
0	 2	 0	 15305
1	 9	 0	 35535
0	 0	 0	 16459
0	 5	 0	 22407
0	 3	 1	 28566
0	 0	 0	 23491
0	 1	 0	 25305
0	 2	 0	 27606
1	 7	 0	 24070
0	 5	 0	 24613
0	 2	 0	 22345
0	 6	 0	 17745
1	 1	 0	 7222
1	 5	 0	 27470
0	 3	 0	 30677
0	 13	 0	 18877
1	 6	 0	 23044
1	 3	 0	 26632
0	 2	 0	 26344
1	 6	 0	 28662
0	 3	 0	 23362
1	 8	 0	 25077
3	 10	 0	 31740
0	 1	 0	 13830
0	 2	 1	 25234
1	 4	 0	 34928
0	 0	 0	 27994
2	 0	 0	 25798
0	 2	 0	 12825
2	 9	 0	 33079
0	 2	 0	 13621
0	 0	 0	 3
0	 1	 0	 26683
0	 6	 0	 16027
0	 1	 0	 26427
4	 2	 0	 17015
0	 3	 0	 11605
0	 6	 1	 36395
1	 0	 0	 11429
1	 6	 1	 26952
2	 2	 1	 32695
1	 5	 0	 28594
0	 3	 0	 24201
1	 0	 0	 13093
1	 0	 0	 13066
0	 4	 0	 14438
0	 1	 0	 1200
