A	 C	 G	 T
19	 18632	 3	 14
11	 17756	 1	 16
9	 40145	 3	 50
9	 19309	 3	 18
11	 25897	 6	 33
18	 32736	 5	 30
22	 27473	 1	 29
14	 28439	 6	 28
12	 31707	 5	 18
13	 27484	 1	 26
13	 27749	 4	 23
8	 25992	 3	 29
8	 20381	 3	 28
6	 8737	 1	 15
19	 31512	 6	 26
10	 34645	 5	 37
11	 21513	 2	 21
12	 26377	 2	 29
18	 30580	 5	 34
17	 29922	 5	 31
19	 32512	 7	 28
15	 26598	 5	 19
20	 28736	 8	 22
18	 36079	 9	 21
8	 15895	 2	 11
14	 28637	 2	 31
21	 39788	 8	 29
17	 31765	 4	 37
19	 29465	 3	 29
13	 14895	 2	 15
15	 37936	 6	 45
16	 15881	 2	 11
0	 4	 0	 0
22	 30665	 2	 27
9	 18341	 2	 15
16	 29921	 2	 28
17	 20371	 2	 23
8	 13484	 2	 15
11	 41643	 4	 25
9	 13135	 2	 6
6	 30555	 4	 23
13	 37200	 2	 38
10	 32522	 2	 38
1	 27419	 7	 24
14	 15683	 1	 15
7	 14878	 3	 22
7	 16580	 1	 12
7	 1580	 0	 0
