A	 C	 G	 T
16295	 0	 1	 0
15395	 1	 4	 0
35895	 0	 4	 0
16868	 0	 2	 1
22578	 2	 1	 1
28855	 0	 6	 0
23799	 1	 3	 1
25547	 0	 1	 1
27952	 2	 7	 1
24287	 0	 2	 1
24716	 0	 2	 1
23318	 0	 6	 1
18012	 0	 5	 0
7326	 0	 0	 0
27696	 0	 8	 1
31012	 1	 3	 1
19050	 1	 5	 0
23186	 3	 2	 1
26850	 1	 5	 0
26680	 2	 2	 1
28906	 2	 2	 1
23669	 1	 3	 0
25359	 3	 5	 2
32149	 3	 1	 0
13984	 0	 0	 0
25400	 2	 5	 2
35207	 2	 5	 3
28452	 2	 1	 1
26017	 0	 7	 1
13011	 0	 1	 0
33480	 4	 8	 0
13832	 2	 0	 0
4	 0	 0	 0
27084	 0	 7	 1
16177	 0	 2	 0
26737	 1	 3	 0
17776	 2	 2	 0
11733	 1	 2	 2
36771	 1	 9	 1
11709	 2	 0	 0
27298	 2	 10	 0
33031	 0	 4	 1
28975	 1	 4	 1
24483	 2	 1	 0
13231	 0	 1	 0
13193	 0	 1	 1
14582	 0	 2	 0
1223	 0	 0	 0
