A	 C	 G	 T
2	 1	 18374	 10
2	 0	 17331	 10
0	 3	 40202	 18
1	 0	 19143	 11
1	 1	 25345	 9
6	 1	 32319	 22
3	 2	 27408	 17
3	 1	 28629	 13
3	 2	 31887	 13
2	 1	 27453	 17
3	 0	 27846	 14
2	 0	 26076	 11
1	 1	 20248	 17
1	 0	 8241	 7
2	 0	 31115	 12
0	 0	 34723	 12
1	 0	 21519	 10
1	 0	 26158	 11
3	 0	 30174	 14
1	 1	 29924	 22
1	 1	 32428	 14
1	 0	 26589	 14
2	 3	 28444	 17
5	 0	 36009	 17
3	 0	 15737	 6
0	 0	 28532	 19
4	 0	 39672	 16
3	 0	 31821	 11
3	 0	 29207	 18
1	 0	 14644	 5
0	 0	 37797	 18
5	 1	 15464	 13
0	 0	 5	 0
2	 0	 30432	 13
2	 0	 18127	 13
4	 1	 30006	 10
1	 0	 19901	 8
2	 0	 13175	 4
9	 1	 41479	 24
1	 0	 13138	 8
3	 1	 30770	 13
2	 2	 37258	 22
3	 0	 32596	 12
2	 1	 27594	 10
0	 0	 15111	 7
3	 0	 14800	 5
2	 0	 16460	 11
0	 0	 1372	 0
