A	 C	 G	 T
0	 1	 0	 16776
0	 1	 0	 15860
1	 7	 0	 36942
1	 2	 1	 17575
1	 2	 0	 23307
2	 15	 0	 29658
0	 11	 0	 25011
3	 6	 1	 26291
3	 12	 0	 29230
0	 7	 0	 24997
0	 11	 0	 25625
1	 6	 1	 24046
2	 4	 0	 18526
1	 0	 0	 7565
2	 11	 0	 28552
2	 11	 0	 31900
0	 5	 0	 19652
0	 10	 0	 23912
2	 9	 0	 27696
2	 8	 0	 27531
2	 8	 0	 29791
2	 6	 0	 24354
1	 5	 1	 26078
1	 5	 0	 33005
0	 4	 0	 14455
3	 11	 0	 26164
3	 12	 1	 36358
1	 10	 0	 29305
2	 8	 1	 26813
1	 7	 1	 13525
2	 11	 0	 34574
0	 1	 0	 14188
0	 0	 0	 5
3	 7	 1	 27934
0	 2	 0	 16611
0	 0	 0	 27629
0	 8	 0	 18343
1	 2	 0	 12138
1	 7	 0	 37935
1	 5	 0	 12031
1	 9	 1	 28118
0	 19	 0	 34108
2	 6	 0	 29883
2	 4	 0	 25262
0	 3	 0	 13871
1	 2	 0	 13589
0	 6	 0	 15035
0	 3	 0	 1270
