A	 C	 G	 T
1	 16202	 0	 1
1	 15299	 1	 0
8	 35571	 1	 2
2	 16687	 2	 0
4	 22370	 0	 2
0	 28675	 3	 2
1	 23299	 4	 1
1	 25299	 1	 1
1	 27399	 1	 0
3	 24076	 2	 1
2	 24488	 1	 1
1	 23097	 1	 0
3	 17852	 0	 0
1	 7278	 0	 0
0	 27492	 0	 7
1	 30792	 2	 2
0	 18814	 0	 1
2	 22951	 1	 1
2	 26649	 3	 3
1	 26417	 2	 0
1	 28697	 1	 1
0	 23422	 1	 1
1	 25145	 1	 1
2	 31904	 2	 2
0	 13854	 0	 0
1	 25220	 1	 2
4	 34926	 2	 2
1	 28144	 2	 1
2	 25802	 1	 2
0	 12854	 0	 2
3	 33150	 1	 2
3	 13737	 1	 0
0	 4	 0	 0
0	 26817	 2	 2
0	 16047	 1	 0
1	 26491	 2	 1
1	 17639	 0	 1
1	 11635	 1	 2
1	 36499	 3	 1
0	 11619	 1	 0
2	 27008	 2	 1
0	 32752	 0	 0
4	 28699	 1	 1
0	 24206	 2	 2
2	 12919	 1	 1
0	 13099	 0	 3
0	 14441	 0	 0
0	 1205	 0	 0
