A	 C	 G	 T
0	 4	 0	 20396
0	 4	 1	 17982
0	 3	 0	 41385
0	 2	 0	 20128
0	 3	 0	 26404
0	 7	 0	 33592
0	 1	 0	 28898
0	 4	 0	 30050
0	 7	 1	 33468
0	 7	 0	 28194
0	 8	 0	 27802
1	 2	 0	 27245
1	 5	 0	 21818
0	 0	 0	 8627
1	 4	 1	 32128
0	 3	 0	 36062
1	 6	 0	 21723
0	 8	 2	 27976
0	 5	 0	 31448
0	 3	 0	 31043
1	 4	 0	 33713
2	 5	 0	 27330
1	 2	 0	 29402
0	 4	 0	 37672
0	 5	 0	 15991
1	 5	 0	 29618
0	 8	 1	 41562
0	 6	 0	 32806
0	 2	 0	 30291
0	 4	 0	 14974
0	 7	 0	 39252
1	 0	 0	 16073
0	 0	 0	 5
2	 4	 0	 31321
0	 1	 1	 18829
0	 2	 0	 30806
1	 3	 0	 20413
1	 1	 0	 13623
2	 3	 0	 43094
0	 0	 0	 13796
0	 6	 1	 30927
1	 3	 0	 38790
0	 2	 0	 33426
0	 3	 0	 28544
1	 1	 0	 15990
1	 2	 0	 15271
1	 5	 0	 17141
0	 0	 0	 1398
