A	 C	 G	 T
20	 2	 24716	 6
17	 7	 21699	 7
22	 13	 43023	 18
11	 8	 23888	 5
18	 9	 31891	 9
27	 11	 38665	 14
17	 2	 32699	 6
14	 3	 31125	 11
17	 9	 34317	 13
14	 5	 30324	 13
6	 9	 28943	 12
9	 4	 28486	 7
10	 8	 23099	 13
11	 4	 13320	 6
34	 9	 37519	 19
20	 5	 37849	 24
18	 5	 23165	 6
21	 5	 31359	 17
23	 5	 35853	 13
16	 6	 33370	 19
24	 4	 36341	 15
16	 3	 28243	 11
27	 7	 36072	 14
34	 9	 41570	 20
9	 2	 17968	 7
16	 2	 31981	 14
26	 7	 44085	 17
13	 12	 34599	 15
24	 4	 33411	 16
12	 4	 18091	 5
22	 6	 43020	 13
26	 3	 31809	 17
0	 0	 13	 0
21	 12	 35066	 24
16	 2	 22008	 8
13	 9	 32403	 17
16	 5	 24474	 2
14	 4	 17499	 5
28	 11	 47919	 20
8	 3	 15339	 10
11	 4	 32437	 9
15	 4	 39879	 8
23	 7	 34965	 15
13	 4	 28653	 9
24	 2	 23183	 11
4	 3	 17014	 2
15	 5	 19294	 4
8	 1	 2681	 1
