A	 C	 G	 T
16613	 0	 5	 0
15786	 0	 3	 2
36729	 0	 9	 1
17331	 0	 1	 0
23136	 0	 2	 2
29545	 0	 8	 1
24756	 0	 2	 0
26138	 1	 4	 2
28922	 0	 5	 1
24893	 0	 3	 0
25418	 0	 10	 0
23818	 0	 2	 0
18434	 0	 2	 2
7517	 0	 0	 0
28394	 0	 7	 3
31659	 0	 2	 0
19529	 0	 9	 0
23816	 0	 2	 0
27544	 0	 3	 0
27335	 0	 4	 0
29619	 0	 7	 1
24207	 1	 3	 0
25918	 0	 4	 1
32865	 0	 6	 0
14343	 0	 1	 2
26039	 1	 5	 2
36187	 2	 8	 3
29042	 0	 2	 0
26656	 0	 4	 0
13373	 0	 7	 1
34285	 0	 8	 0
14114	 0	 0	 0
4	 0	 0	 0
27707	 0	 13	 0
16551	 0	 4	 0
27436	 0	 3	 1
18172	 0	 3	 1
12038	 0	 3	 0
37687	 0	 12	 0
11884	 0	 1	 0
27983	 0	 6	 0
33885	 0	 5	 0
29701	 0	 6	 0
25080	 0	 5	 2
13680	 0	 1	 1
13521	 0	 0	 0
14919	 0	 1	 1
1252	 0	 0	 0
