A	 C	 G	 T
3	 0	 8722	 0
0	 0	 8508	 0
7	 0	 18808	 0
5	 0	 9008	 1
2	 0	 12153	 1
2	 0	 15616	 0
7	 1	 13083	 0
5	 0	 13551	 0
7	 0	 14958	 0
3	 0	 12930	 0
6	 0	 12512	 0
4	 0	 12590	 0
3	 0	 9790	 0
1	 0	 4073	 0
9	 0	 14718	 0
5	 0	 16615	 0
4	 0	 9875	 1
2	 0	 13148	 1
9	 0	 14160	 0
8	 0	 14309	 0
2	 0	 15478	 0
3	 1	 12446	 0
3	 2	 12871	 0
10	 0	 17058	 0
0	 0	 7200	 0
9	 0	 14100	 1
6	 0	 19242	 1
5	 0	 15106	 0
3	 1	 13831	 0
2	 0	 6789	 1
4	 0	 17901	 0
1	 0	 7466	 0
0	 0	 2	 0
2	 0	 14489	 0
3	 0	 9117	 1
5	 0	 14210	 0
4	 0	 9270	 0
1	 0	 6188	 0
5	 0	 19658	 1
1	 0	 6607	 0
4	 0	 13881	 1
9	 0	 17711	 1
5	 0	 15223	 4
6	 0	 13212	 0
7	 0	 7189	 0
4	 0	 6995	 1
1	 0	 7897	 0
0	 0	 650	 0
