A	 C	 G	 T
16795	 0	 2	 0
15841	 0	 4	 0
36942	 0	 7	 1
17556	 1	 0	 2
23245	 0	 1	 0
29613	 0	 5	 0
25058	 0	 6	 0
26312	 1	 2	 0
29295	 0	 11	 1
24980	 0	 6	 3
25571	 0	 7	 1
24043	 0	 3	 1
18536	 0	 4	 1
7559	 0	 1	 1
28530	 1	 5	 1
31883	 0	 2	 1
19663	 0	 3	 1
23913	 0	 2	 2
27692	 0	 8	 0
27548	 0	 2	 1
29715	 0	 6	 0
24369	 0	 2	 0
26068	 1	 6	 0
32988	 0	 2	 2
14446	 0	 2	 1
26161	 0	 3	 1
36270	 1	 7	 0
29300	 1	 2	 1
26788	 0	 11	 2
13503	 0	 4	 1
34592	 0	 8	 2
14187	 0	 0	 2
5	 0	 0	 0
27946	 0	 6	 0
16604	 0	 7	 1
27609	 0	 2	 4
18339	 1	 5	 1
12124	 1	 0	 0
37923	 0	 5	 0
12022	 0	 1	 0
28138	 0	 10	 1
34069	 0	 9	 3
29865	 0	 3	 1
25231	 0	 1	 1
13887	 0	 2	 0
13579	 1	 1	 1
15037	 0	 0	 0
1271	 0	 1	 0
