A	 C	 G	 T
1	 3	 0	 16468
2	 5	 0	 15689
0	 7	 0	 36544
0	 2	 0	 17152
2	 3	 0	 23063
3	 13	 0	 29278
1	 6	 0	 24328
1	 4	 0	 26017
4	 12	 0	 28318
0	 8	 0	 24727
1	 8	 0	 25298
0	 8	 0	 23551
0	 6	 0	 18310
0	 1	 0	 7454
1	 9	 0	 28212
0	 7	 0	 31528
0	 7	 0	 19408
4	 3	 0	 23638
2	 9	 0	 27440
0	 2	 0	 27102
1	 6	 0	 29519
3	 8	 0	 24059
4	 3	 0	 25801
1	 9	 0	 32667
2	 8	 0	 14256
0	 3	 0	 25933
1	 10	 0	 35985
1	 7	 1	 28957
0	 7	 0	 26537
0	 3	 0	 13331
0	 9	 0	 34141
1	 5	 0	 14035
0	 0	 0	 4
0	 6	 0	 27517
2	 5	 1	 16451
2	 7	 0	 27247
0	 4	 0	 17984
0	 0	 0	 11992
1	 7	 1	 37534
0	 2	 0	 11809
3	 3	 0	 27803
2	 11	 0	 33652
0	 5	 0	 29518
1	 3	 1	 24952
0	 2	 0	 13412
0	 3	 0	 13428
0	 0	 0	 14859
0	 0	 0	 1244
