A	 C	 G	 T
14537	 0	 5	 0
13717	 0	 4	 1
31905	 0	 9	 4
15110	 0	 2	 1
20252	 0	 5	 0
25766	 0	 4	 2
21510	 0	 5	 1
22746	 1	 4	 0
25017	 0	 4	 0
21520	 0	 3	 1
22224	 1	 3	 0
20738	 0	 3	 0
16071	 0	 0	 0
6503	 0	 0	 1
24773	 0	 3	 1
27573	 0	 3	 4
16970	 0	 2	 2
20477	 0	 3	 0
24072	 1	 7	 1
23806	 0	 3	 0
25843	 0	 4	 0
20975	 0	 5	 7
22544	 0	 0	 0
28638	 0	 4	 1
12444	 0	 2	 0
22496	 0	 12	 2
31518	 0	 4	 1
25235	 0	 1	 2
23084	 1	 2	 2
11463	 0	 4	 1
29823	 1	 7	 3
12206	 0	 2	 1
2	 0	 0	 0
24004	 0	 4	 1
14292	 1	 3	 0
23760	 0	 1	 3
15872	 0	 4	 1
10378	 0	 0	 0
32806	 1	 11	 2
10279	 0	 1	 1
24288	 0	 8	 4
29620	 1	 14	 3
25657	 0	 3	 1
21720	 1	 2	 0
11897	 0	 0	 0
11674	 0	 0	 0
13084	 0	 2	 0
1081	 0	 0	 0
