A	 C	 G	 T
16970	 0	 2	 0
16000	 0	 4	 2
37245	 0	 9	 1
17734	 0	 1	 0
23509	 0	 2	 1
29908	 0	 6	 2
25297	 0	 4	 2
26541	 0	 3	 1
29638	 1	 8	 1
25254	 0	 5	 1
25858	 0	 2	 2
24175	 1	 5	 1
18729	 1	 2	 1
7640	 0	 0	 1
28831	 0	 8	 3
32114	 0	 3	 1
19836	 0	 5	 0
24163	 0	 3	 0
27941	 0	 8	 1
27755	 0	 0	 1
30061	 0	 4	 0
24550	 0	 4	 0
26291	 1	 1	 2
33257	 0	 4	 2
14551	 0	 0	 0
26371	 0	 3	 1
36690	 1	 4	 2
29515	 0	 5	 0
27062	 0	 5	 2
13591	 1	 2	 1
34895	 0	 5	 2
14326	 0	 0	 0
5	 0	 0	 0
28168	 1	 5	 0
16743	 0	 2	 1
27795	 1	 3	 2
18480	 0	 1	 0
12233	 0	 0	 1
38255	 0	 7	 2
12094	 0	 1	 4
28409	 0	 3	 4
34428	 0	 10	 3
30147	 0	 8	 0
25430	 0	 0	 0
14042	 0	 3	 2
13714	 0	 0	 0
15179	 0	 3	 1
1277	 0	 0	 0
