A	 C	 G	 T
2	 2	 30	 2
1	 0	 9	 0
7	 3	 16	 1
2	 0	 8	 0
2	 1	 14	 0
10	 1	 25	 2
7	 1	 13	 2
6	 1	 22	 0
9	 1	 22	 2
4	 0	 17	 1
3	 1	 16	 1
2	 1	 18	 1
3	 1	 11	 0
3	 0	 3	 0
6	 2	 23	 3
6	 3	 30	 1
3	 0	 14	 0
2	 0	 16	 2
4	 0	 15	 3
5	 1	 27	 0
8	 0	 16	 1
4	 1	 26	 0
6	 0	 24	 0
6	 0	 24	 0
1	 0	 8	 0
9	 1	 19	 0
8	 0	 24	 2
7	 0	 19	 0
2	 0	 16	 0
3	 1	 10	 0
7	 1	 30	 1
4	 1	 13	 0
0	 0	 0	 0
4	 1	 21	 0
5	 0	 13	 0
7	 1	 17	 0
1	 0	 15	 2
0	 1	 7	 0
10	 2	 31	 3
4	 0	 9	 0
8	 1	 17	 0
10	 0	 27	 0
5	 1	 26	 2
3	 0	 8	 1
2	 0	 11	 0
2	 0	 9	 0
4	 1	 8	 1
1	 0	 1	 0
