A	 C	 G	 T
10	 485	 23108	 36
11	 491	 20885	 27
11	 512	 42727	 74
8	 394	 23128	 51
11	 657	 31452	 58
18	 686	 36903	 62
6	 534	 31514	 48
1	 287	 29840	 49
8	 295	 33214	 40
5	 330	 28656	 45
6	 310	 28012	 50
7	 289	 27560	 48
6	 315	 22143	 24
1	 411	 12988	 43
18	 660	 35955	 56
12	 367	 36468	 51
1	 269	 22164	 31
11	 495	 30357	 46
6	 670	 34681	 69
1	 367	 32162	 43
9	 434	 34681	 74
9	 342	 27403	 35
5	 699	 34679	 67
16	 614	 39718	 58
3	 294	 17190	 30
6	 414	 30496	 48
8	 464	 42475	 44
3	 393	 33183	 60
5	 502	 31893	 59
7	 438	 17596	 27
3	 613	 40658	 82
12	 597	 31920	 62
0	 0	 13	 0
13	 538	 33684	 49
9	 358	 20917	 37
5	 352	 31357	 43
13	 480	 23536	 43
4	 413	 17035	 26
13	 617	 45763	 69
1	 197	 14753	 29
2	 246	 30652	 37
12	 417	 37444	 63
9	 394	 33801	 63
6	 206	 28134	 32
12	 652	 22529	 45
5	 230	 16292	 33
4	 317	 18344	 31
0	 155	 2772	 8
