A	 C	 G	 T
2	 0	 16023	 1
2	 0	 15150	 6
0	 1	 35303	 5
1	 0	 16582	 3
5	 1	 22282	 3
2	 2	 28356	 2
2	 0	 23473	 2
0	 0	 25006	 4
3	 0	 27633	 8
2	 0	 23874	 6
2	 0	 24474	 4
2	 0	 22824	 3
2	 1	 17685	 2
0	 0	 7193	 0
1	 3	 27244	 5
3	 1	 30448	 5
0	 0	 18786	 7
3	 0	 22815	 4
2	 1	 26612	 5
3	 0	 26133	 2
1	 0	 28508	 3
0	 3	 23260	 3
1	 0	 24928	 6
0	 0	 31570	 1
0	 0	 13757	 3
6	 1	 24872	 4
3	 0	 34743	 4
1	 0	 27891	 1
2	 0	 25624	 4
0	 0	 12920	 0
5	 2	 33005	 6
2	 1	 13540	 5
0	 0	 5	 0
1	 0	 26548	 3
4	 0	 15827	 1
0	 1	 26194	 3
4	 0	 17519	 7
1	 0	 11639	 0
0	 1	 36250	 7
1	 0	 11415	 1
1	 0	 27056	 5
3	 0	 32398	 4
2	 0	 28537	 3
2	 0	 24113	 6
0	 0	 13013	 6
0	 0	 13010	 1
1	 0	 14346	 1
0	 0	 1202	 0
