A	 C	 G	 T
19202	 0	 4	 0
16969	 0	 1	 0
39239	 0	 3	 0
19053	 0	 0	 1
24979	 0	 2	 0
31571	 0	 0	 0
27279	 0	 2	 0
28416	 0	 2	 0
31539	 0	 5	 0
26675	 0	 2	 0
26263	 0	 2	 0
25880	 0	 1	 0
20512	 0	 5	 0
8159	 0	 2	 0
30339	 0	 2	 0
34127	 0	 1	 0
20409	 0	 1	 0
26534	 0	 0	 0
29757	 0	 1	 0
29399	 0	 1	 0
31953	 0	 1	 0
25876	 0	 0	 2
27868	 0	 0	 0
35692	 0	 2	 0
15075	 0	 1	 0
28019	 0	 3	 1
39262	 0	 1	 1
31013	 0	 0	 0
28654	 0	 0	 0
14120	 0	 5	 0
37008	 0	 4	 0
15268	 0	 0	 0
4	 0	 0	 0
29672	 0	 1	 0
17904	 0	 0	 0
29168	 0	 0	 0
19276	 0	 2	 0
12874	 0	 1	 0
40644	 0	 4	 0
13084	 0	 0	 1
29109	 0	 0	 0
36671	 0	 0	 0
31601	 1	 2	 1
27072	 0	 1	 0
15078	 0	 2	 0
14453	 0	 1	 0
16152	 0	 2	 0
1312	 0	 0	 0
