A	 C	 G	 T
157	 0	 0	 0
23	 0	 0	 0
48	 0	 0	 0
150	 0	 0	 0
38	 0	 0	 0
265	 0	 0	 0
80	 0	 0	 0
142	 0	 0	 0
37	 0	 0	 0
223	 0	 0	 0
25	 0	 0	 0
44	 0	 0	 0
34	 0	 0	 0
16	 0	 0	 0
57	 0	 0	 0
37	 0	 0	 0
38	 0	 0	 0
74	 0	 0	 0
45	 0	 0	 0
95	 0	 0	 0
193	 0	 0	 0
62	 0	 0	 0
99	 0	 0	 0
181	 0	 0	 0
44	 0	 0	 0
138	 0	 0	 0
174	 0	 0	 0
90	 0	 0	 0
41	 0	 0	 0
17	 0	 0	 0
154	 0	 0	 0
32	 0	 0	 0
0	 0	 0	 0
86	 0	 0	 0
208	 0	 0	 0
33	 0	 0	 0
64	 0	 0	 1
25	 0	 0	 0
116	 0	 0	 0
48	 0	 0	 0
160	 0	 0	 0
218	 0	 0	 0
39	 0	 0	 1
89	 0	 0	 0
31	 0	 0	 0
16	 0	 0	 0
40	 0	 0	 0
2	 0	 0	 0
