A	 C	 G	 T
5354	 0	 0	 0
5495	 0	 0	 1
12406	 0	 0	 0
6147	 0	 0	 0
8058	 0	 0	 0
10254	 0	 0	 0
8588	 0	 0	 0
8894	 0	 0	 0
10028	 0	 0	 1
8771	 0	 0	 0
8521	 0	 0	 0
8443	 0	 0	 0
6565	 0	 0	 0
2680	 0	 0	 0
9879	 0	 0	 0
11018	 0	 0	 0
6836	 0	 0	 0
8723	 0	 0	 0
9462	 0	 0	 0
9618	 0	 0	 1
9847	 0	 0	 0
8196	 0	 0	 0
8595	 0	 0	 0
11267	 0	 0	 0
4886	 0	 0	 0
9308	 1	 0	 0
12851	 0	 0	 0
10027	 0	 0	 0
9204	 0	 0	 0
4534	 0	 0	 0
11932	 0	 0	 0
4961	 0	 0	 0
1	 0	 0	 0
9748	 0	 0	 0
6026	 0	 0	 1
9551	 0	 0	 0
6096	 0	 0	 0
4094	 0	 0	 0
13053	 0	 0	 0
4320	 0	 0	 0
9265	 0	 0	 0
11886	 0	 0	 0
10316	 0	 0	 0
8719	 0	 0	 0
4515	 0	 0	 0
4708	 0	 0	 0
5284	 0	 0	 0
398	 0	 0	 0
