A	 C	 G	 T
0	 8884	 0	 2
1	 8603	 0	 1
0	 19053	 0	 0
2	 9116	 0	 0
0	 12295	 0	 2
0	 15795	 0	 3
0	 13266	 0	 0
0	 13749	 0	 0
0	 15103	 0	 0
0	 13111	 0	 1
0	 12650	 0	 1
1	 12726	 0	 1
1	 9896	 0	 0
0	 4121	 0	 1
1	 14872	 0	 2
0	 16803	 0	 1
0	 9982	 0	 1
0	 13307	 0	 2
0	 14332	 0	 1
0	 14480	 0	 1
2	 15676	 0	 2
0	 12592	 0	 3
1	 13038	 0	 1
1	 17271	 0	 0
0	 7286	 0	 1
1	 14232	 0	 3
1	 19427	 0	 3
0	 15264	 0	 1
0	 13980	 0	 1
0	 6840	 0	 0
1	 18103	 0	 0
0	 7541	 0	 0
0	 2	 0	 0
2	 14636	 0	 1
0	 9210	 0	 2
0	 14347	 0	 0
0	 9391	 0	 0
0	 6257	 0	 0
2	 19862	 0	 2
0	 6690	 0	 0
0	 14028	 0	 0
1	 17911	 0	 4
0	 15388	 0	 3
0	 13331	 0	 0
0	 7285	 0	 0
0	 7081	 0	 3
1	 7992	 0	 0
0	 657	 0	 0
