A	 C	 G	 T
0	 1332	 0	 0
0	 2077	 0	 3
1	 3786	 0	 9
0	 2127	 0	 2
0	 2714	 0	 1
0	 3456	 0	 3
0	 3102	 0	 3
0	 2716	 0	 0
0	 3621	 0	 2
0	 2531	 0	 5
0	 3128	 0	 4
0	 3023	 0	 6
0	 2259	 0	 2
0	 904	 0	 1
0	 3334	 0	 1
0	 4001	 0	 1
0	 2251	 0	 2
1	 3099	 0	 4
0	 3335	 0	 4
0	 2988	 0	 1
1	 3559	 0	 1
0	 2901	 0	 1
0	 1801	 0	 1
0	 3609	 0	 2
0	 1650	 0	 1
0	 2705	 0	 2
0	 3732	 0	 3
0	 3193	 0	 3
0	 3163	 0	 2
0	 1806	 0	 0
0	 3329	 0	 3
1	 1732	 0	 3
0	 2	 0	 0
0	 3466	 0	 2
0	 1899	 0	 2
0	 3283	 0	 3
0	 2070	 0	 3
0	 1451	 0	 1
0	 4263	 0	 3
0	 1537	 0	 1
0	 2564	 0	 1
0	 3512	 0	 1
0	 3795	 0	 1
0	 2647	 0	 1
0	 1678	 0	 0
0	 1675	 0	 2
0	 1643	 0	 0
0	 139	 0	 0
