A	 C	 G	 T
0	 5701	 0	 1
0	 5665	 1	 0
0	 12968	 0	 0
0	 6117	 0	 0
0	 7924	 0	 0
0	 10313	 0	 0
0	 9016	 0	 0
0	 8860	 0	 1
0	 10113	 1	 0
0	 8303	 1	 1
0	 8398	 0	 0
0	 8685	 1	 0
0	 6401	 0	 0
0	 2639	 0	 0
0	 9614	 1	 2
0	 11056	 0	 1
0	 6302	 0	 0
1	 8900	 0	 0
0	 9386	 0	 2
0	 9568	 0	 0
1	 10591	 0	 1
0	 8383	 0	 0
0	 8618	 0	 1
0	 11483	 0	 0
0	 4862	 1	 0
0	 9112	 1	 0
2	 14566	 1	 1
0	 10223	 1	 0
0	 8990	 0	 0
0	 4546	 0	 0
0	 11607	 1	 1
0	 4913	 0	 0
0	 1	 0	 0
0	 9736	 0	 0
0	 5713	 0	 0
0	 9563	 0	 0
0	 6266	 1	 1
0	 4085	 0	 0
1	 12527	 1	 0
0	 4525	 0	 0
0	 8895	 0	 0
0	 11368	 0	 0
0	 10251	 1	 0
0	 9202	 0	 0
0	 4768	 1	 0
0	 4971	 0	 0
0	 5134	 0	 0
0	 424	 0	 0
