A	 C	 G	 T
20158	 0	 1	 0
17786	 0	 5	 0
41001	 0	 6	 0
19932	 0	 0	 0
26165	 0	 3	 2
33218	 1	 5	 4
28607	 0	 1	 2
29754	 0	 2	 0
33122	 0	 3	 2
27916	 0	 3	 3
27544	 0	 3	 1
26994	 0	 1	 0
21548	 0	 2	 0
8531	 1	 1	 0
31802	 1	 4	 2
35765	 1	 2	 2
21487	 0	 3	 0
27620	 0	 5	 4
31183	 0	 5	 3
30735	 0	 1	 6
33413	 1	 1	 2
27086	 0	 1	 2
29082	 0	 2	 0
37292	 0	 2	 3
15841	 0	 2	 0
29329	 0	 3	 1
41173	 0	 2	 1
32493	 0	 4	 0
29984	 0	 3	 2
14842	 0	 4	 0
38803	 1	 6	 5
15946	 0	 0	 0
5	 0	 0	 0
31006	 0	 1	 0
18646	 0	 1	 0
30530	 0	 4	 1
20184	 0	 3	 0
13498	 0	 0	 1
42623	 0	 5	 1
13681	 0	 1	 1
30537	 0	 2	 2
38334	 0	 3	 2
33182	 0	 2	 2
28246	 0	 4	 2
15872	 0	 2	 0
15148	 0	 3	 0
16950	 0	 3	 1
1381	 0	 0	 0
