A	 C	 G	 T
0	 1	 0	 14588
0	 0	 0	 12405
0	 3	 0	 28248
0	 1	 0	 14415
0	 1	 0	 17922
0	 2	 0	 24266
0	 0	 0	 20121
3	 0	 0	 21348
0	 1	 0	 22246
0	 0	 0	 20334
0	 1	 0	 18223
0	 0	 0	 18517
0	 0	 0	 14680
0	 0	 0	 6004
0	 2	 0	 22043
0	 1	 0	 24344
0	 0	 0	 14566
0	 1	 0	 19649
0	 1	 0	 21170
1	 0	 0	 21798
0	 0	 0	 24183
2	 0	 0	 18999
1	 1	 0	 20687
0	 0	 0	 26628
0	 0	 0	 10964
0	 0	 0	 21366
0	 0	 0	 29063
0	 0	 0	 22639
0	 1	 0	 20748
0	 1	 0	 9964
0	 0	 0	 27622
0	 1	 0	 11020
0	 0	 0	 3
0	 0	 0	 22064
0	 0	 0	 13896
0	 0	 0	 20567
2	 1	 0	 14345
0	 0	 0	 9277
1	 1	 0	 29911
0	 1	 0	 9748
0	 0	 0	 21590
0	 0	 0	 27597
1	 0	 0	 22120
0	 0	 0	 20075
0	 1	 0	 11020
0	 1	 0	 10174
0	 0	 0	 11864
0	 0	 0	 935
