A	 C	 G	 T
2	 1	 19165	 0
2	 3	 16978	 0
5	 1	 39068	 1
2	 1	 18994	 0
6	 1	 24961	 0
9	 2	 31815	 0
6	 0	 27259	 0
6	 0	 28381	 2
8	 0	 31549	 1
5	 3	 26665	 0
5	 0	 26214	 0
5	 1	 25834	 0
5	 2	 20523	 1
2	 1	 8168	 0
4	 0	 30292	 0
5	 1	 34093	 1
7	 1	 20524	 0
0	 0	 26452	 0
7	 0	 29831	 0
2	 0	 29372	 0
8	 1	 31894	 0
7	 0	 25764	 0
5	 1	 27707	 0
8	 0	 35504	 0
3	 0	 15038	 0
3	 0	 28034	 0
8	 0	 39294	 1
5	 2	 30916	 0
6	 0	 28690	 0
4	 0	 14115	 0
8	 0	 37017	 1
3	 1	 15191	 1
0	 0	 5	 0
7	 0	 29545	 0
2	 1	 17851	 0
5	 0	 29144	 0
2	 1	 19304	 0
2	 1	 12871	 4
1	 1	 40570	 1
1	 0	 13015	 0
6	 0	 29091	 0
4	 1	 36514	 0
5	 1	 31563	 0
2	 2	 26949	 1
1	 1	 15112	 0
2	 0	 14435	 0
2	 0	 16151	 1
0	 0	 1318	 0
