A	 C	 G	 T
0	 0	 3774	 0
0	 0	 2800	 0
0	 0	 6456	 0
0	 0	 3322	 0
1	 0	 4405	 0
0	 0	 5559	 0
0	 0	 4629	 0
0	 0	 4964	 0
1	 0	 5230	 0
0	 0	 4620	 0
0	 0	 4329	 0
0	 0	 4364	 0
0	 0	 3597	 0
0	 1	 1394	 0
0	 0	 5160	 0
0	 0	 5813	 0
0	 0	 3587	 0
0	 0	 4679	 0
0	 0	 4934	 0
0	 0	 4643	 0
0	 0	 6140	 0
0	 0	 4271	 0
0	 0	 5629	 0
0	 0	 6180	 0
0	 0	 2624	 0
0	 0	 5124	 0
0	 0	 7228	 0
0	 0	 5092	 0
0	 0	 4964	 0
0	 0	 2298	 0
0	 0	 6583	 0
0	 0	 2412	 0
0	 0	 3	 0
0	 0	 4783	 0
0	 0	 3029	 0
0	 0	 4952	 0
0	 0	 3305	 0
0	 0	 2113	 0
0	 0	 6700	 0
0	 0	 2300	 0
0	 0	 5264	 0
0	 0	 6510	 0
0	 0	 5223	 0
0	 0	 4788	 0
0	 0	 2658	 0
0	 0	 2513	 0
0	 0	 2799	 0
0	 0	 197	 0
