A	 C	 G	 T
0	 5	 0	 17976
0	 5	 0	 17058
2	 7	 0	 39565
0	 3	 1	 18638
0	 4	 1	 24922
0	 6	 1	 31748
1	 5	 0	 26787
0	 1	 0	 28154
1	 5	 0	 31260
0	 8	 1	 26993
0	 4	 0	 27420
0	 4	 0	 25624
0	 6	 0	 19923
1	 0	 0	 8112
0	 2	 1	 30588
1	 8	 0	 34153
0	 4	 0	 21155
0	 3	 0	 25729
0	 4	 0	 29640
1	 8	 0	 29447
0	 3	 2	 31930
0	 1	 1	 26135
1	 1	 0	 28020
0	 6	 2	 35443
0	 2	 0	 15450
0	 4	 1	 28066
1	 12	 0	 39020
0	 5	 0	 31321
0	 7	 1	 28719
0	 1	 1	 14383
1	 13	 0	 37096
6	 5	 0	 15220
0	 0	 0	 5
0	 6	 0	 29934
0	 3	 0	 17868
0	 3	 0	 29518
0	 9	 1	 19578
0	 1	 0	 12967
0	 15	 0	 40829
0	 0	 0	 12905
0	 10	 0	 30299
0	 10	 0	 36584
0	 10	 1	 32093
0	 1	 1	 27114
0	 5	 0	 14760
1	 1	 0	 14552
0	 1	 0	 16198
0	 1	 0	 1347
