A	 C	 G	 T
0	 2	 23592	 24
0	 4	 21221	 23
3	 1	 42810	 43
1	 1	 23361	 15
1	 1	 31549	 25
3	 1	 37585	 34
0	 3	 31816	 38
3	 1	 30071	 25
1	 2	 33333	 27
0	 2	 29077	 22
3	 3	 28194	 25
3	 2	 27693	 19
1	 0	 22350	 16
0	 2	 13179	 10
2	 4	 36412	 27
4	 2	 36693	 30
0	 1	 22358	 17
0	 0	 30669	 22
4	 2	 35003	 26
0	 4	 32417	 36
0	 2	 35130	 28
1	 4	 27594	 28
1	 3	 35050	 26
2	 6	 40286	 29
3	 2	 17360	 15
0	 3	 30934	 32
3	 2	 42774	 34
3	 7	 33448	 25
2	 3	 32254	 26
0	 1	 17699	 16
4	 4	 41092	 35
0	 1	 31628	 27
0	 0	 11	 0
1	 1	 34058	 28
0	 4	 21306	 21
1	 3	 31592	 37
2	 2	 23790	 15
3	 1	 17090	 13
1	 3	 46187	 42
0	 0	 14906	 16
5	 1	 30913	 36
0	 3	 38067	 38
1	 3	 33960	 24
1	 0	 28095	 30
1	 1	 22871	 18
0	 2	 16529	 24
1	 2	 18582	 25
0	 0	 2713	 7
