A	 C	 G	 T
0	 4234	 0	 1
1	 4950	 0	 3
0	 10770	 0	 0
1	 5195	 0	 2
0	 7095	 0	 1
1	 8852	 0	 1
0	 7534	 0	 1
2	 7489	 0	 2
0	 8649	 0	 1
1	 7511	 0	 0
1	 7532	 0	 1
0	 7492	 0	 1
1	 5720	 0	 0
1	 2439	 0	 1
1	 8619	 0	 0
1	 9734	 0	 2
3	 5837	 0	 4
1	 7729	 0	 1
0	 8108	 0	 2
1	 8412	 0	 6
0	 8794	 0	 2
4	 6932	 0	 1
3	 6868	 0	 3
0	 9670	 0	 1
0	 4214	 0	 0
0	 8257	 0	 1
3	 11357	 0	 2
3	 8918	 0	 1
0	 8121	 0	 0
0	 3957	 0	 2
1	 10363	 0	 0
1	 4378	 0	 1
0	 0	 0	 0
2	 8630	 0	 0
0	 5537	 0	 0
0	 8411	 0	 0
3	 5358	 0	 1
0	 3553	 0	 0
0	 11344	 0	 1
1	 3812	 0	 0
0	 7947	 0	 1
1	 10456	 0	 0
1	 9075	 0	 1
1	 7941	 0	 4
0	 4123	 0	 1
0	 4164	 0	 0
0	 4598	 0	 1
0	 374	 0	 0
