A	 C	 G	 T
17448	 0	 0	 3
15393	 0	 0	 0
35436	 0	 0	 3
17157	 0	 0	 1
22552	 0	 0	 2
28603	 0	 0	 3
24668	 0	 0	 0
25744	 0	 0	 4
28418	 0	 0	 1
24084	 0	 0	 0
23680	 0	 0	 0
23357	 1	 0	 4
18565	 0	 0	 0
7380	 0	 0	 0
27512	 0	 0	 1
30782	 0	 0	 1
18385	 0	 0	 1
23954	 0	 0	 2
26861	 0	 0	 1
26545	 0	 0	 3
29013	 0	 0	 3
23318	 0	 0	 4
25200	 0	 0	 4
32298	 0	 0	 0
13606	 0	 0	 1
25331	 1	 0	 2
35419	 0	 0	 1
27999	 0	 0	 3
25792	 0	 0	 3
12719	 0	 0	 0
33468	 0	 0	 3
13801	 0	 0	 0
3	 0	 0	 0
26797	 0	 0	 0
16176	 0	 0	 0
26236	 0	 0	 3
17426	 0	 0	 2
11626	 0	 0	 1
36829	 0	 0	 2
11828	 0	 0	 0
26200	 0	 0	 1
33156	 0	 0	 2
28710	 0	 0	 0
24311	 0	 0	 1
13628	 0	 0	 1
13083	 0	 0	 1
14540	 0	 0	 0
1185	 0	 0	 0
