A	 C	 G	 T
1	 1	 8846	 0
4	 0	 8814	 0
6	 2	 20847	 1
2	 0	 9010	 0
7	 0	 12709	 1
4	 0	 14847	 2
4	 0	 13415	 0
1	 0	 13581	 1
3	 0	 15476	 1
2	 2	 12494	 1
2	 2	 13880	 1
3	 0	 13500	 1
1	 0	 10660	 0
0	 1	 4033	 1
1	 1	 14993	 1
2	 1	 17894	 0
3	 1	 10593	 3
1	 1	 12987	 0
0	 1	 15736	 0
2	 0	 14991	 0
3	 0	 15297	 2
1	 0	 13204	 0
1	 0	 13892	 0
2	 2	 16949	 3
2	 0	 7516	 3
2	 0	 14048	 8
3	 1	 19933	 1
2	 1	 15833	 4
0	 0	 14481	 1
0	 0	 7432	 1
1	 1	 17404	 1
1	 1	 7837	 1
0	 0	 1	 0
5	 1	 14612	 0
6	 0	 8586	 1
2	 0	 15757	 1
2	 0	 9694	 1
0	 1	 6481	 0
1	 0	 20029	 1
3	 0	 6178	 0
2	 0	 13772	 1
3	 1	 17398	 1
1	 0	 16727	 1
2	 1	 13953	 2
1	 1	 7562	 3
1	 0	 7362	 1
3	 0	 7971	 2
0	 0	 705	 0
