A	 C	 G	 T
1	 1	 0	 19668
1	 7	 0	 17429
2	 3	 0	 40207
2	 4	 0	 19576
1	 3	 0	 25593
0	 6	 0	 32449
0	 2	 0	 28125
0	 0	 0	 29106
0	 3	 0	 32471
0	 2	 0	 27313
1	 3	 0	 27017
4	 0	 0	 26607
2	 4	 0	 21108
0	 0	 0	 8366
0	 5	 0	 31125
0	 1	 0	 35049
0	 2	 0	 20987
0	 2	 0	 27186
1	 5	 0	 30593
0	 4	 0	 30243
0	 4	 0	 32749
0	 5	 0	 26544
2	 0	 0	 28545
1	 0	 0	 36602
0	 4	 0	 15517
1	 1	 0	 28692
1	 4	 0	 40305
1	 2	 1	 31925
0	 1	 0	 29365
0	 7	 0	 14542
1	 7	 0	 37996
0	 1	 0	 15666
0	 0	 0	 5
2	 5	 0	 30426
1	 0	 0	 18311
0	 4	 0	 29973
0	 4	 0	 19752
0	 0	 0	 13234
0	 9	 0	 41722
0	 0	 0	 13435
4	 3	 0	 29826
1	 6	 0	 37542
1	 1	 0	 32513
1	 4	 0	 27780
0	 0	 0	 15507
0	 2	 0	 14853
1	 1	 0	 16573
0	 1	 0	 1343
