A	 C	 G	 T
0	 1	 0	 15154
0	 3	 0	 14481
1	 8	 0	 33478
0	 0	 0	 15634
1	 2	 0	 21005
0	 4	 0	 27036
0	 2	 2	 21972
0	 1	 0	 23762
0	 6	 0	 25807
0	 1	 0	 22768
0	 5	 1	 22891
1	 4	 1	 21709
0	 1	 0	 16673
0	 0	 0	 6879
1	 1	 0	 25931
0	 1	 0	 29024
0	 4	 0	 17551
0	 4	 0	 21693
0	 2	 0	 25113
1	 2	 1	 24850
0	 0	 0	 27017
0	 1	 0	 22038
0	 2	 0	 23733
0	 5	 0	 30052
1	 1	 0	 13006
1	 4	 1	 23941
1	 3	 0	 32821
1	 5	 0	 26529
0	 4	 0	 24401
0	 3	 1	 12168
0	 7	 0	 31060
1	 1	 0	 12953
0	 0	 0	 4
0	 4	 0	 25110
0	 0	 0	 15174
0	 2	 2	 24918
0	 3	 1	 16533
0	 1	 0	 10960
0	 2	 0	 34396
0	 1	 0	 10964
1	 4	 0	 25335
0	 3	 0	 30772
0	 3	 0	 26869
1	 1	 0	 22727
0	 1	 0	 12198
0	 3	 1	 12320
0	 2	 0	 13592
0	 1	 0	 1134
