A	 C	 G	 T
10128	 0	 2	 0
5202	 0	 0	 0
10978	 0	 1	 1
9974	 0	 0	 0
7045	 0	 1	 0
16722	 0	 0	 1
10191	 0	 1	 0
13375	 0	 0	 0
7959	 0	 1	 1
14437	 0	 1	 1
5558	 0	 0	 0
6885	 0	 0	 2
5758	 0	 0	 0
2732	 0	 0	 0
9890	 1	 0	 0
9240	 0	 0	 0
5891	 0	 0	 0
9573	 0	 1	 0
7599	 0	 0	 1
10917	 0	 0	 0
16093	 0	 0	 0
9673	 0	 3	 0
11682	 0	 1	 0
16604	 0	 1	 1
5153	 0	 3	 0
13304	 0	 0	 0
17096	 0	 0	 1
11384	 1	 1	 0
8893	 0	 2	 0
3256	 0	 0	 1
16488	 1	 2	 0
4825	 0	 1	 0
0	 0	 0	 0
11820	 0	 0	 1
10559	 0	 2	 0
7345	 0	 0	 0
7895	 0	 1	 0
4166	 0	 0	 0
15425	 0	 1	 1
5500	 2	 0	 0
13606	 0	 4	 1
17938	 0	 0	 0
6995	 0	 2	 0
10843	 0	 1	 0
5576	 0	 0	 0
3675	 0	 1	 0
5728	 0	 0	 0
386	 0	 0	 0
