A	 C	 G	 T
4	 19597	 0	 2
1	 17365	 0	 1
4	 39921	 0	 2
0	 19431	 0	 2
1	 25516	 0	 3
5	 32330	 0	 5
2	 27848	 0	 3
2	 29045	 0	 1
4	 32229	 0	 0
3	 27265	 0	 2
1	 26788	 0	 1
1	 26399	 1	 1
3	 20979	 0	 5
0	 8332	 0	 3
2	 30998	 0	 2
6	 34776	 0	 4
4	 20899	 1	 3
3	 26992	 0	 2
8	 30407	 1	 4
3	 29960	 0	 1
2	 32588	 0	 5
2	 26362	 0	 0
4	 28320	 0	 1
4	 36325	 0	 4
1	 15396	 0	 1
2	 28611	 1	 2
2	 39966	 1	 5
0	 31555	 0	 1
1	 29265	 0	 3
4	 14418	 0	 1
6	 37825	 0	 2
0	 15560	 0	 2
0	 5	 0	 0
3	 30169	 0	 4
2	 18160	 0	 0
2	 29740	 1	 2
3	 19652	 0	 0
0	 13164	 1	 2
3	 41503	 0	 3
2	 13306	 0	 0
0	 29706	 0	 4
4	 37387	 0	 2
1	 32246	 0	 4
2	 27579	 0	 1
1	 15428	 0	 2
1	 14724	 0	 0
0	 16494	 1	 3
0	 1342	 0	 0
