A	 C	 G	 T
16478	 0	 3	 0
15671	 1	 2	 0
36403	 0	 7	 0
17151	 0	 3	 2
22969	 0	 3	 1
29286	 0	 4	 1
24416	 0	 2	 0
25917	 0	 3	 1
28087	 0	 5	 1
24637	 1	 4	 1
25211	 1	 4	 0
23301	 0	 4	 1
18217	 0	 1	 0
7429	 0	 0	 0
28139	 0	 7	 0
31430	 0	 4	 1
19373	 0	 4	 0
23580	 0	 3	 0
27321	 0	 5	 0
27026	 0	 4	 0
29393	 0	 4	 0
23967	 0	 7	 0
25731	 0	 3	 0
32512	 0	 5	 0
14215	 1	 2	 0
25830	 0	 2	 1
35818	 0	 5	 2
28823	 0	 3	 0
26448	 0	 3	 0
13302	 0	 1	 0
34035	 0	 8	 2
13980	 0	 0	 0
4	 0	 0	 0
27411	 0	 2	 2
16366	 0	 1	 0
27139	 0	 2	 0
17779	 0	 3	 0
11920	 0	 2	 0
37361	 1	 7	 0
11808	 0	 0	 0
27702	 0	 5	 0
33532	 1	 4	 0
29378	 0	 5	 0
24850	 1	 3	 0
13423	 0	 2	 0
13390	 0	 3	 1
14810	 0	 1	 0
1243	 0	 1	 0
