A	 C	 G	 T
4795	 0	 0	 0
4781	 0	 0	 0
10352	 1	 0	 0
5065	 0	 0	 0
6630	 0	 0	 0
8464	 1	 0	 0
7281	 0	 0	 0
7380	 1	 0	 0
8281	 0	 0	 0
6972	 0	 0	 1
6902	 2	 1	 0
7086	 0	 0	 1
5266	 0	 0	 1
2134	 0	 0	 0
8091	 0	 0	 0
9303	 0	 0	 0
5384	 0	 0	 0
7176	 0	 0	 0
7803	 1	 1	 0
7441	 0	 0	 0
8459	 0	 0	 0
6764	 0	 0	 0
7211	 0	 0	 0
9236	 1	 0	 0
3949	 0	 0	 0
7953	 0	 0	 0
11957	 0	 0	 1
8072	 0	 0	 0
7690	 0	 0	 0
3725	 1	 0	 0
9870	 1	 0	 0
4018	 0	 0	 0
1	 0	 0	 0
7906	 0	 0	 0
4667	 0	 0	 0
7823	 0	 0	 0
5162	 0	 0	 0
3309	 0	 0	 0
10498	 0	 0	 0
3710	 0	 0	 0
7686	 0	 0	 0
9798	 0	 0	 0
8483	 1	 0	 0
7263	 0	 0	 0
3932	 1	 0	 0
4040	 0	 0	 0
4429	 0	 0	 0
328	 0	 0	 0
