A	 C	 G	 T
1	 16596	 0	 0
0	 15772	 1	 3
3	 36779	 0	 5
2	 17340	 1	 0
0	 23228	 1	 1
0	 29398	 1	 6
0	 24585	 0	 1
6	 26215	 1	 1
2	 28712	 1	 4
0	 24899	 1	 2
1	 25488	 0	 1
0	 23789	 0	 2
0	 18451	 0	 4
1	 7506	 0	 2
0	 28409	 0	 1
0	 31746	 0	 1
1	 19554	 0	 2
1	 23837	 2	 1
1	 27625	 0	 2
0	 27311	 0	 0
0	 29692	 1	 2
1	 24260	 0	 3
0	 25976	 1	 2
0	 32888	 1	 5
0	 14367	 0	 2
0	 26089	 1	 0
1	 36217	 3	 4
0	 29163	 1	 3
2	 26703	 0	 1
0	 13419	 0	 1
0	 34401	 0	 6
0	 14121	 0	 0
0	 4	 0	 0
0	 27794	 1	 0
1	 16570	 0	 3
1	 27451	 0	 1
0	 18131	 0	 3
3	 12092	 0	 0
0	 37810	 1	 2
0	 11902	 0	 0
2	 28017	 0	 0
1	 33906	 3	 3
0	 29736	 0	 0
0	 25133	 0	 1
0	 13640	 0	 1
0	 13526	 0	 1
0	 14948	 0	 1
0	 1255	 0	 0
