A	 C	 G	 T
5	 16530	 0	 2
0	 15643	 0	 1
0	 36379	 1	 2
0	 17087	 0	 0
0	 22937	 0	 2
1	 29269	 0	 2
2	 23915	 0	 0
1	 25804	 0	 0
1	 28349	 1	 1
0	 24662	 0	 3
0	 25212	 0	 2
0	 23618	 0	 0
1	 18262	 0	 0
0	 7407	 0	 1
1	 28150	 0	 1
3	 31338	 0	 2
1	 19344	 1	 0
0	 23536	 0	 0
2	 27342	 0	 1
0	 27040	 0	 1
1	 29365	 1	 0
5	 23972	 0	 1
1	 25647	 0	 1
0	 32431	 0	 3
0	 14155	 1	 0
3	 25859	 0	 2
1	 35832	 0	 1
0	 28833	 1	 0
1	 26366	 0	 0
3	 13191	 0	 2
1	 33958	 0	 2
1	 13963	 0	 1
0	 3	 0	 0
2	 27418	 1	 1
0	 16380	 0	 1
0	 27112	 0	 1
0	 18005	 0	 0
0	 11957	 1	 1
1	 37321	 0	 2
0	 11785	 0	 0
2	 27676	 1	 0
0	 33492	 0	 2
0	 29402	 0	 1
1	 24804	 0	 3
0	 13306	 0	 0
0	 13390	 0	 0
0	 14791	 0	 0
0	 1241	 1	 1
