A	 C	 G	 T
1	 13815	 1	 11
1	 10953	 1	 11
2	 22430	 2	 29
0	 13528	 0	 9
1	 15740	 0	 14
1	 23075	 0	 30
3	 17971	 0	 21
0	 19977	 2	 17
1	 21456	 0	 26
0	 19459	 2	 19
0	 15466	 0	 15
3	 15401	 0	 29
7	 12756	 0	 16
0	 5506	 1	 3
4	 20869	 1	 16
4	 20677	 0	 27
0	 13060	 0	 15
2	 17633	 0	 15
2	 17256	 1	 34
2	 19259	 1	 18
2	 22981	 1	 19
1	 16461	 0	 27
0	 18490	 0	 18
2	 24783	 1	 24
3	 9727	 0	 14
0	 19139	 1	 16
3	 25510	 0	 25
2	 19481	 0	 23
3	 18883	 0	 15
1	 7688	 0	 9
1	 26764	 1	 22
1	 9946	 0	 11
0	 3	 0	 0
1	 19614	 1	 21
4	 12626	 1	 9
2	 13860	 3	 14
4	 12462	 1	 12
2	 8342	 2	 5
2	 27347	 2	 23
1	 9442	 3	 13
2	 20933	 2	 23
1	 26292	 2	 25
0	 18130	 0	 20
1	 16501	 1	 20
0	 9905	 1	 13
1	 9342	 0	 11
0	 11057	 0	 15
0	 748	 0	 1
