A	 C	 G	 T
0	 1	 0	 17406
0	 3	 0	 15410
0	 4	 0	 35819
1	 1	 0	 17308
1	 3	 0	 22735
0	 3	 0	 29164
0	 1	 0	 24713
1	 0	 0	 25715
0	 1	 0	 28718
1	 1	 0	 24243
1	 5	 0	 23982
0	 3	 0	 23760
0	 1	 0	 18630
0	 0	 0	 7371
2	 1	 0	 27573
0	 2	 0	 31070
0	 2	 0	 18733
0	 5	 0	 24244
0	 0	 0	 27168
0	 1	 0	 26634
0	 3	 0	 28944
0	 2	 0	 23485
1	 1	 0	 25258
4	 4	 0	 32174
0	 3	 0	 13649
0	 2	 0	 25892
0	 3	 0	 36271
2	 2	 0	 28025
1	 3	 0	 26059
0	 2	 0	 12752
1	 0	 0	 33617
0	 0	 0	 13856
0	 0	 0	 4
0	 1	 0	 26773
0	 2	 0	 16296
0	 0	 0	 26612
0	 5	 0	 17513
0	 1	 0	 11727
1	 4	 0	 36663
0	 0	 0	 11833
1	 3	 0	 26492
1	 2	 0	 33221
2	 3	 0	 28810
0	 0	 0	 24644
0	 1	 0	 13448
0	 0	 0	 13257
0	 2	 0	 14748
0	 0	 0	 1181
