A	 C	 G	 T
18655	 0	 6	 0
16378	 0	 4	 0
37695	 0	 3	 1
18402	 0	 4	 0
24040	 0	 3	 0
30559	 0	 6	 0
26311	 0	 5	 0
27443	 0	 5	 0
30304	 0	 8	 1
25743	 0	 6	 0
25276	 1	 9	 0
24922	 0	 5	 0
19776	 0	 3	 0
7894	 0	 0	 0
29271	 0	 2	 1
32806	 0	 3	 0
19633	 0	 5	 0
25549	 0	 5	 0
28668	 0	 7	 1
28423	 1	 4	 0
30867	 0	 10	 0
24919	 0	 1	 0
26954	 0	 0	 0
34415	 0	 6	 0
14484	 0	 1	 1
27074	 0	 6	 1
37889	 0	 4	 0
29739	 0	 1	 0
27602	 0	 4	 1
13517	 0	 4	 0
35625	 0	 5	 0
14700	 0	 1	 0
5	 0	 0	 0
28615	 0	 8	 0
17338	 0	 4	 0
28052	 0	 3	 1
18600	 1	 3	 0
12367	 0	 1	 0
39242	 0	 5	 0
12676	 0	 1	 0
28130	 0	 5	 0
35332	 0	 7	 0
30416	 1	 5	 0
26065	 0	 0	 0
14552	 0	 2	 0
13920	 0	 1	 0
15599	 0	 2	 0
1249	 0	 0	 0
