A	 C	 G	 T
0	 0	 13015	 0
0	 0	 11102	 0
2	 0	 26421	 1
1	 0	 12876	 1
0	 1	 16016	 0
0	 0	 21499	 0
0	 0	 17608	 1
1	 0	 19414	 0
1	 0	 20180	 3
1	 0	 18372	 0
1	 0	 16911	 0
1	 0	 17189	 1
0	 0	 13675	 0
0	 0	 5359	 0
1	 0	 19983	 0
0	 0	 22998	 0
0	 0	 13395	 0
0	 0	 17776	 0
1	 0	 19008	 1
1	 1	 20068	 1
0	 0	 20994	 0
2	 0	 17641	 0
0	 0	 19518	 0
0	 0	 24067	 1
0	 0	 10042	 0
0	 0	 18966	 0
2	 1	 27736	 0
2	 0	 21268	 0
0	 0	 18836	 2
0	 0	 9178	 0
0	 1	 25284	 1
0	 0	 10265	 0
0	 0	 3	 0
1	 0	 19515	 2
3	 0	 12307	 0
2	 0	 19248	 1
0	 0	 13474	 0
0	 0	 8661	 0
0	 1	 26904	 1
0	 0	 8681	 0
2	 0	 20075	 0
1	 0	 24873	 3
0	 0	 20642	 0
0	 0	 18639	 2
0	 0	 9841	 2
0	 0	 9500	 0
0	 0	 11014	 1
0	 0	 868	 0
