A	 C	 G	 T
1	 1	 0	 14606
1	 0	 0	 13780
2	 4	 1	 32068
0	 0	 0	 15180
3	 1	 0	 20337
1	 5	 0	 25865
1	 2	 0	 21617
5	 1	 0	 22823
1	 4	 0	 25173
1	 6	 0	 21641
1	 0	 0	 22357
1	 2	 0	 20834
1	 6	 0	 16132
0	 0	 0	 6545
2	 4	 0	 24904
1	 4	 0	 27696
2	 1	 0	 17047
3	 4	 0	 20567
1	 0	 0	 24216
5	 3	 0	 23885
0	 3	 0	 25930
1	 2	 0	 21100
1	 3	 0	 22657
3	 3	 1	 28773
1	 2	 0	 12489
3	 2	 0	 22623
3	 6	 0	 31645
0	 1	 0	 25380
0	 2	 0	 23210
1	 2	 0	 11520
1	 7	 0	 29997
0	 1	 0	 12282
0	 0	 0	 3
1	 5	 0	 24125
1	 1	 0	 14372
0	 4	 0	 23899
0	 3	 0	 15969
1	 0	 0	 10447
0	 2	 0	 32981
2	 1	 0	 10320
2	 2	 0	 24401
3	 4	 1	 29762
2	 4	 1	 25772
3	 0	 0	 21837
0	 2	 0	 11938
0	 1	 0	 11730
1	 4	 0	 13160
0	 0	 0	 1089
