A	 C	 G	 T
0	 1	 19502	 0
0	 0	 16929	 1
0	 1	 38146	 0
0	 1	 19115	 0
0	 0	 24788	 0
0	 2	 32061	 0
0	 0	 27265	 0
0	 1	 28565	 0
0	 1	 31440	 0
0	 1	 26953	 0
0	 1	 25895	 2
0	 0	 25568	 1
0	 0	 20393	 2
0	 0	 8135	 0
0	 1	 30428	 0
0	 1	 33699	 2
0	 0	 20335	 1
0	 0	 26484	 1
0	 1	 29456	 2
0	 0	 29133	 1
0	 1	 32156	 0
0	 2	 25524	 1
0	 0	 27779	 2
0	 1	 35780	 1
0	 0	 15023	 0
0	 0	 28164	 2
0	 0	 39165	 4
0	 0	 30594	 2
0	 0	 28627	 2
0	 0	 13953	 2
0	 0	 37402	 1
0	 0	 15103	 0
0	 0	 4	 0
0	 0	 29647	 1
0	 0	 18072	 1
0	 2	 28573	 2
0	 1	 19156	 0
0	 0	 12780	 0
0	 0	 40736	 3
0	 0	 13084	 1
0	 0	 29329	 2
1	 1	 36937	 0
0	 0	 31148	 0
0	 0	 26570	 1
0	 0	 15090	 0
0	 2	 14335	 0
0	 0	 16235	 1
0	 0	 1288	 0
