A	 C	 G	 T
0	 13145	 0	 3
1	 11070	 0	 2
0	 26100	 1	 3
0	 12931	 0	 3
0	 16094	 1	 3
1	 21644	 0	 1
0	 17723	 0	 3
1	 19584	 0	 1
1	 20198	 0	 2
0	 18548	 1	 1
0	 16850	 1	 1
1	 17123	 0	 2
0	 13658	 0	 2
0	 5373	 0	 0
1	 20094	 0	 3
0	 22889	 0	 1
0	 13388	 0	 4
2	 17850	 0	 2
0	 18976	 0	 0
0	 20093	 0	 3
0	 21101	 0	 2
2	 17608	 0	 0
0	 19572	 0	 2
0	 24218	 0	 2
0	 10027	 0	 1
2	 19045	 0	 3
1	 27729	 0	 3
0	 21186	 0	 5
2	 18830	 0	 1
0	 9168	 1	 1
1	 25535	 1	 1
0	 10265	 1	 2
0	 4	 0	 0
1	 19633	 0	 5
0	 12389	 0	 2
0	 19143	 1	 2
1	 13503	 0	 1
1	 8640	 0	 0
1	 27014	 1	 5
1	 8726	 0	 1
2	 20235	 1	 1
2	 25061	 0	 1
1	 20558	 0	 2
3	 18531	 1	 1
0	 9856	 0	 0
0	 9474	 0	 1
2	 11074	 0	 2
0	 863	 0	 0
