A	 C	 G	 T
21632	 2	 10	 1
19624	 0	 9	 0
38743	 0	 11	 4
21405	 4	 6	 5
28793	 0	 10	 3
34183	 1	 16	 1
29019	 1	 10	 4
27441	 2	 4	 3
29949	 1	 6	 0
26582	 2	 5	 2
25282	 6	 8	 7
24951	 1	 2	 4
20447	 2	 10	 0
12109	 0	 0	 6
33364	 0	 13	 6
33462	 4	 7	 2
20148	 2	 6	 1
28168	 2	 8	 3
31891	 5	 10	 3
29661	 2	 3	 3
32321	 5	 14	 0
25026	 1	 4	 2
32348	 1	 17	 2
36709	 0	 11	 3
15848	 1	 8	 2
28214	 1	 12	 1
38614	 3	 15	 1
30528	 1	 9	 3
29322	 3	 6	 1
16334	 0	 8	 0
37688	 4	 14	 2
29812	 2	 7	 4
15	 0	 0	 0
30923	 3	 9	 3
19260	 2	 3	 1
28528	 3	 6	 1
21943	 1	 7	 3
15739	 0	 2	 2
42176	 4	 14	 10
13749	 1	 5	 2
28181	 5	 11	 1
34618	 1	 10	 1
30886	 2	 12	 5
25446	 1	 8	 4
21253	 2	 8	 2
14838	 1	 4	 1
16978	 0	 10	 2
2654	 1	 1	 2
