A	 C	 G	 T
16029	 0	 3	 0
15052	 0	 1	 0
35137	 0	 2	 0
16540	 0	 1	 2
22135	 0	 0	 1
28174	 3	 0	 3
23616	 0	 1	 0
24963	 0	 1	 1
27669	 0	 2	 1
23672	 0	 2	 0
24226	 0	 4	 1
22899	 0	 5	 0
17580	 0	 2	 0
7165	 0	 0	 0
27089	 0	 2	 0
30313	 0	 1	 2
18653	 0	 2	 0
22741	 1	 2	 1
26277	 0	 1	 2
26145	 1	 2	 2
28298	 1	 0	 3
23160	 0	 0	 0
24786	 0	 1	 2
31359	 0	 1	 0
13659	 0	 1	 0
24762	 0	 1	 2
34527	 0	 0	 2
27715	 0	 1	 0
25510	 0	 1	 0
12765	 1	 2	 0
32782	 0	 5	 1
13504	 2	 1	 0
3	 0	 0	 0
26467	 0	 2	 0
15733	 1	 1	 0
26146	 0	 0	 4
17393	 0	 1	 0
11482	 0	 0	 0
36037	 0	 1	 1
11421	 0	 0	 0
26713	 1	 1	 2
32374	 1	 3	 0
28340	 0	 4	 1
23909	 0	 2	 0
13105	 0	 1	 0
12920	 0	 0	 0
14306	 0	 1	 3
1199	 0	 1	 0
