A	 C	 G	 T
19514	 0	 2	 1
17304	 0	 1	 0
39761	 0	 3	 1
19350	 0	 2	 2
25416	 0	 3	 0
32205	 0	 6	 2
27719	 0	 3	 1
28909	 0	 1	 0
32100	 0	 3	 1
27128	 0	 1	 0
26687	 0	 2	 1
26293	 0	 4	 2
20908	 0	 0	 0
8294	 0	 0	 0
30855	 0	 5	 0
34642	 0	 2	 2
20802	 0	 3	 2
26877	 0	 2	 0
30278	 1	 3	 2
29844	 0	 2	 0
32450	 0	 3	 1
26262	 0	 1	 0
28194	 0	 6	 1
36164	 0	 3	 2
15331	 0	 2	 1
28476	 0	 0	 0
39791	 0	 2	 3
31414	 0	 7	 2
29153	 0	 4	 1
14352	 0	 1	 1
37678	 0	 4	 3
15480	 0	 0	 0
5	 0	 0	 0
30037	 0	 2	 0
18084	 0	 1	 0
29619	 0	 1	 0
19573	 0	 2	 1
13109	 0	 2	 1
41266	 0	 1	 0
13256	 0	 0	 0
29571	 0	 7	 0
37219	 0	 1	 0
32106	 0	 2	 1
27436	 0	 1	 0
15351	 0	 1	 0
14674	 0	 0	 0
16434	 0	 2	 0
1336	 0	 0	 0
