A	 C	 G	 T
0	 5	 0	 20151
0	 6	 0	 17791
2	 16	 0	 40999
1	 6	 0	 19914
1	 2	 0	 26175
1	 3	 0	 33092
0	 6	 0	 28605
0	 1	 0	 29752
1	 8	 0	 33090
0	 5	 0	 27900
0	 4	 0	 27536
4	 5	 0	 26998
1	 4	 0	 21537
0	 0	 0	 8531
1	 14	 0	 31795
1	 9	 0	 35677
0	 6	 0	 21438
1	 1	 0	 27630
1	 6	 0	 31177
2	 4	 0	 30750
1	 12	 0	 33380
1	 0	 0	 27065
1	 5	 0	 29093
2	 3	 0	 37298
0	 2	 0	 15834
2	 8	 0	 29294
2	 2	 0	 41024
0	 5	 0	 32495
1	 6	 0	 29976
2	 4	 0	 14842
2	 8	 0	 38803
1	 2	 0	 15941
0	 0	 0	 5
2	 4	 0	 31001
0	 3	 0	 18651
0	 5	 0	 30523
0	 2	 0	 20193
0	 0	 1	 13495
2	 10	 0	 42612
0	 1	 0	 13683
3	 6	 0	 30531
1	 9	 0	 38302
0	 7	 0	 33120
0	 1	 0	 28257
0	 2	 0	 15871
0	 3	 0	 15124
0	 2	 0	 16954
0	 1	 0	 1379
