A	 C	 G	 T
16846	 0	 3	 0
15947	 1	 2	 0
37096	 1	 4	 1
17602	 0	 2	 0
23407	 1	 3	 0
29814	 0	 13	 1
25034	 0	 7	 1
26402	 0	 2	 0
29247	 0	 4	 1
25169	 0	 2	 1
25757	 1	 8	 2
24110	 0	 5	 1
18637	 0	 4	 0
7605	 0	 0	 0
28710	 0	 5	 0
32011	 0	 7	 1
19756	 0	 3	 0
24056	 1	 4	 0
27851	 0	 6	 0
27650	 1	 4	 3
29921	 0	 6	 0
24487	 0	 6	 1
26221	 0	 3	 1
33188	 0	 4	 1
14528	 0	 1	 0
26319	 0	 3	 0
36522	 0	 7	 1
29405	 0	 4	 0
26978	 0	 5	 0
13566	 0	 3	 1
34699	 0	 9	 2
14271	 0	 0	 1
5	 0	 0	 0
28055	 1	 0	 0
16726	 0	 3	 0
27752	 0	 2	 1
18400	 0	 2	 0
12175	 0	 2	 0
38170	 0	 2	 0
12041	 0	 0	 0
28288	 0	 4	 1
34269	 1	 6	 0
30054	 0	 3	 8
25376	 0	 2	 0
13861	 0	 4	 0
13669	 1	 2	 1
15110	 0	 2	 0
1264	 0	 0	 0
