A	 C	 G	 T
0	 4	 0	 17891
0	 3	 1	 16979
1	 7	 0	 39417
0	 1	 0	 18549
0	 6	 1	 24811
0	 8	 1	 31621
3	 4	 1	 26599
2	 4	 1	 28006
0	 5	 0	 31128
3	 4	 0	 26861
4	 2	 0	 27283
0	 0	 1	 25533
2	 4	 0	 19820
0	 3	 0	 8085
1	 7	 0	 30425
3	 4	 1	 33986
2	 5	 0	 21056
2	 4	 0	 25641
2	 3	 0	 29543
3	 3	 1	 29285
2	 12	 0	 31789
2	 4	 0	 26021
3	 4	 5	 27891
1	 9	 2	 35288
1	 0	 0	 15393
0	 3	 0	 27953
2	 1	 2	 38816
3	 6	 2	 31158
1	 2	 1	 28600
0	 6	 0	 14312
2	 8	 1	 36920
0	 2	 0	 15142
0	 0	 0	 4
4	 2	 0	 29768
0	 2	 0	 17801
5	 1	 0	 29365
3	 3	 0	 19508
0	 1	 1	 12898
9	 6	 1	 40626
0	 1	 0	 12870
3	 6	 0	 30143
2	 4	 0	 36372
2	 10	 0	 31929
0	 4	 1	 26993
0	 1	 2	 14703
0	 0	 0	 14494
2	 0	 0	 16107
0	 1	 0	 1338
