A	 C	 G	 T
4	 3	 13180	 0
7	 0	 11186	 2
7	 0	 26502	 2
4	 4	 13011	 1
5	 0	 16230	 0
6	 1	 21756	 1
8	 3	 17828	 0
6	 0	 19621	 3
6	 1	 20390	 3
4	 0	 18603	 2
8	 0	 17084	 3
7	 0	 17312	 1
7	 0	 13800	 2
1	 0	 5417	 1
5	 2	 20206	 0
8	 3	 23180	 3
5	 2	 13538	 0
6	 1	 17966	 1
2	 0	 19216	 0
13	 2	 20260	 1
11	 1	 21195	 2
12	 1	 17748	 0
7	 1	 19669	 0
8	 6	 24323	 0
6	 0	 10127	 1
8	 1	 19156	 3
12	 5	 27891	 1
13	 4	 21446	 3
3	 2	 19017	 4
4	 0	 9266	 1
12	 2	 25596	 2
4	 2	 10348	 0
0	 0	 4	 0
6	 0	 19764	 0
5	 0	 12445	 2
8	 2	 19446	 1
2	 2	 13588	 0
2	 1	 8745	 2
5	 0	 27197	 2
5	 2	 8782	 1
3	 2	 20343	 1
8	 0	 25184	 2
6	 0	 20832	 0
6	 1	 18727	 1
6	 0	 9924	 1
1	 1	 9577	 2
2	 1	 11136	 2
0	 0	 873	 0
