A	 C	 G	 T
1	 19967	 0	 0
0	 17685	 1	 1
2	 40700	 0	 0
1	 19777	 0	 0
0	 25938	 0	 2
7	 32818	 1	 1
1	 28356	 0	 1
0	 29502	 0	 3
3	 32829	 0	 1
2	 27694	 1	 0
1	 27328	 1	 1
1	 26836	 0	 0
1	 21391	 0	 1
0	 8455	 0	 0
1	 31526	 0	 0
0	 35412	 0	 3
2	 21258	 0	 0
0	 27427	 0	 1
1	 30895	 1	 1
2	 30509	 0	 0
0	 33109	 0	 0
2	 26859	 0	 1
0	 28879	 1	 1
1	 36979	 2	 1
0	 15722	 0	 1
1	 29086	 0	 1
2	 40671	 0	 1
3	 32197	 0	 2
2	 29759	 0	 1
2	 14690	 0	 0
4	 38547	 0	 1
0	 15806	 0	 1
0	 5	 0	 0
2	 30739	 0	 1
0	 18506	 0	 0
1	 30289	 0	 0
0	 19996	 0	 3
0	 13388	 0	 0
1	 42268	 0	 2
1	 13582	 0	 0
1	 30319	 1	 2
2	 38049	 0	 2
2	 32846	 0	 1
0	 28021	 1	 1
1	 15698	 0	 1
1	 14999	 1	 2
0	 16786	 0	 0
0	 1368	 0	 0
