A	 C	 G	 T
1	 1	 14470	 2
1	 1	 11504	 2
1	 0	 23741	 6
0	 0	 14164	 1
1	 0	 16497	 1
0	 0	 24051	 5
2	 0	 18856	 1
0	 0	 20988	 2
1	 0	 22629	 7
2	 0	 20441	 3
3	 1	 16375	 4
2	 0	 16162	 9
2	 0	 13382	 3
0	 0	 5772	 1
0	 0	 21805	 3
0	 1	 21706	 8
2	 0	 13667	 3
1	 1	 18542	 0
1	 1	 18158	 3
2	 0	 20195	 6
3	 1	 24084	 6
1	 1	 17345	 3
2	 0	 19363	 1
3	 1	 25997	 4
0	 0	 10247	 2
5	 1	 20093	 4
4	 0	 26816	 4
5	 0	 20532	 2
0	 0	 19825	 2
0	 0	 8111	 0
2	 2	 27923	 4
0	 0	 10442	 2
0	 0	 3	 0
3	 0	 20556	 3
0	 1	 13267	 3
1	 0	 14644	 4
0	 0	 13091	 0
0	 0	 8733	 3
5	 0	 28680	 5
1	 0	 9920	 1
0	 0	 21980	 5
3	 0	 27478	 1
3	 1	 19103	 7
1	 0	 17433	 3
0	 1	 10427	 4
1	 0	 9831	 1
4	 0	 11587	 7
0	 0	 787	 1
