A	 C	 G	 T
17625	 0	 2	 0
15516	 0	 3	 0
35787	 0	 4	 0
17308	 0	 0	 0
22745	 0	 2	 1
28876	 0	 1	 0
24891	 2	 2	 0
25978	 1	 1	 0
28660	 0	 4	 0
24280	 0	 0	 0
23930	 0	 1	 0
23575	 1	 3	 2
18720	 0	 0	 0
7450	 0	 0	 0
27720	 1	 0	 0
31062	 0	 0	 0
18541	 0	 2	 0
24161	 0	 2	 0
27097	 1	 3	 0
26814	 1	 1	 0
29254	 0	 0	 0
23568	 0	 0	 0
25455	 0	 2	 0
32594	 0	 4	 0
13754	 0	 0	 0
25534	 1	 1	 1
35730	 0	 4	 0
28294	 0	 0	 0
26026	 0	 1	 0
12855	 0	 1	 0
33801	 0	 1	 0
13926	 0	 0	 0
4	 0	 0	 0
27070	 0	 0	 0
16337	 0	 0	 0
26498	 0	 1	 0
17613	 0	 0	 0
11724	 0	 1	 0
37222	 0	 1	 0
11946	 0	 1	 0
26459	 0	 0	 0
33443	 0	 1	 2
28925	 0	 2	 1
24510	 0	 3	 0
13763	 0	 0	 0
13215	 1	 0	 0
14647	 0	 0	 0
1195	 0	 0	 0
