A	 C	 G	 T
90	 26737	 6	 26
101	 25378	 0	 45
178	 50387	 4	 69
117	 27467	 0	 35
159	 37710	 2	 43
157	 44935	 0	 64
151	 37835	 0	 35
143	 35218	 7	 40
143	 39492	 2	 55
123	 34700	 3	 45
121	 34392	 9	 44
100	 32542	 3	 42
90	 25670	 4	 29
58	 16170	 0	 21
145	 43663	 2	 55
131	 43434	 4	 61
87	 27132	 3	 43
149	 35473	 3	 55
148	 41453	 4	 57
145	 38344	 2	 51
126	 41657	 4	 52
116	 33228	 5	 43
140	 42520	 2	 34
158	 47590	 6	 62
76	 21089	 1	 24
133	 36508	 3	 49
171	 51017	 6	 70
144	 40031	 3	 45
132	 38567	 3	 75
79	 21850	 3	 19
155	 49139	 5	 60
162	 38531	 1	 37
0	 14	 0	 0
146	 41203	 6	 52
112	 25385	 0	 34
127	 37407	 3	 58
96	 29083	 1	 42
80	 21059	 0	 26
195	 55420	 3	 75
82	 17487	 1	 34
127	 37922	 3	 48
162	 45106	 3	 68
145	 40702	 6	 52
104	 33185	 3	 54
107	 28165	 1	 32
70	 19658	 2	 27
70	 22123	 4	 25
21	 3769	 0	 4
