A	 C	 G	 T
0	 13	 23	 23553
0	 9	 18	 21356
2	 22	 41	 43146
0	 9	 19	 23528
1	 14	 27	 32017
4	 17	 35	 37582
0	 16	 31	 32031
3	 5	 24	 30094
1	 13	 34	 33483
3	 9	 28	 28922
3	 9	 30	 28260
1	 4	 27	 27861
0	 12	 17	 22393
0	 5	 6	 13453
2	 10	 34	 36540
1	 12	 26	 36814
0	 7	 20	 22386
1	 13	 28	 30815
1	 12	 34	 35301
2	 17	 30	 32456
1	 13	 30	 35117
1	 13	 28	 27688
2	 14	 37	 35295
0	 15	 33	 40272
2	 11	 12	 17420
1	 7	 27	 30913
0	 13	 33	 42886
0	 11	 32	 33532
2	 10	 32	 32373
0	 11	 21	 17951
1	 19	 41	 41216
2	 5	 31	 32391
0	 0	 0	 13
2	 20	 33	 34154
2	 10	 23	 21239
2	 15	 36	 31676
1	 6	 16	 23978
0	 8	 14	 17379
1	 23	 46	 46312
0	 6	 16	 14930
0	 18	 35	 30838
3	 19	 46	 37786
2	 9	 34	 34159
1	 11	 26	 28311
1	 14	 18	 23171
1	 2	 27	 16505
0	 10	 21	 18626
0	 1	 4	 2887
