A	 C	 G	 T
3	 1	 14048	 6284
6	 2	 12130	 5214
7	 2	 27481	 5851
4	 1	 13705	 5359
5	 4	 17835	 8086
10	 4	 23354	 7651
9	 2	 19541	 6438
6	 1	 20563	 4377
8	 3	 22623	 3520
5	 1	 19438	 4752
4	 1	 18529	 3672
4	 2	 18332	 3778
2	 2	 14685	 1675
3	 0	 5839	 4622
8	 1	 22081	 8797
10	 4	 24165	 5594
2	 0	 14506	 3589
6	 4	 19006	 6001
12	 4	 21116	 6584
8	 5	 21028	 5040
12	 2	 23475	 5755
5	 3	 18281	 3692
10	 2	 19927	 9933
6	 0	 25658	 7421
4	 3	 10645	 3652
6	 2	 20117	 4843
7	 0	 28235	 5385
9	 2	 22097	 5087
3	 1	 20558	 6218
2	 2	 9942	 4130
8	 4	 27211	 7735
5	 3	 10911	 16215
0	 0	 2	 9
10	 1	 21237	 6498
5	 2	 12979	 4310
8	 3	 20190	 4300
8	 0	 13813	 5131
4	 0	 9204	 5500
11	 5	 29174	 9675
3	 0	 9469	 2723
9	 1	 21128	 4672
8	 3	 26721	 4839
11	 1	 22190	 4326
5	 1	 19017	 2711
6	 2	 10720	 7326
5	 1	 10277	 2632
3	 0	 11597	 3913
1	 0	 890	 911
