A	 C	 G	 T
14237	 279	 4	 0
13414	 288	 5	 0
31302	 602	 7	 1
14830	 280	 8	 0
19890	 365	 5	 1
25255	 483	 2	 0
21112	 419	 4	 0
22283	 451	 0	 0
24607	 448	 4	 0
21062	 438	 6	 0
21834	 383	 3	 0
20348	 382	 2	 0
15771	 292	 2	 1
6387	 123	 0	 0
24284	 481	 7	 0
27072	 479	 3	 0
16650	 310	 5	 0
20073	 389	 3	 0
23598	 476	 6	 1
23337	 448	 4	 1
25291	 531	 2	 0
20575	 398	 5	 0
22066	 449	 4	 0
28103	 526	 4	 0
12202	 224	 3	 0
22040	 473	 1	 1
30907	 595	 6	 0
24763	 453	 4	 0
22672	 409	 4	 0
11254	 213	 4	 0
29222	 597	 8	 0
11985	 219	 2	 0
2	 0	 0	 0
23557	 436	 3	 0
13991	 293	 3	 0
23333	 421	 3	 1
15585	 288	 3	 0
10201	 175	 2	 0
32141	 669	 8	 0
10056	 212	 0	 0
23791	 476	 3	 1
29034	 583	 4	 1
25186	 464	 4	 0
21281	 424	 2	 0
11692	 214	 1	 0
11443	 226	 0	 0
12811	 274	 2	 0
1067	 14	 0	 0
