A	 C	 G	 T
19034	 0	 1	 1
16533	 0	 2	 0
37103	 0	 4	 0
18678	 0	 1	 0
24247	 0	 2	 1
31353	 0	 1	 2
26571	 0	 2	 0
27851	 0	 2	 0
30676	 2	 2	 3
26308	 1	 4	 2
25320	 0	 4	 0
25023	 0	 3	 0
19872	 0	 2	 2
7914	 0	 1	 0
29714	 1	 2	 1
32919	 0	 2	 0
19916	 0	 1	 1
25925	 0	 0	 0
28788	 0	 5	 0
28471	 0	 0	 0
31295	 1	 1	 0
24869	 0	 2	 0
27065	 0	 4	 1
34886	 1	 3	 2
14644	 0	 2	 0
27505	 0	 3	 0
38196	 1	 1	 1
29820	 0	 5	 4
27987	 0	 3	 0
13603	 0	 2	 0
36514	 0	 5	 2
14733	 0	 0	 0
4	 0	 0	 0
28917	 0	 5	 1
17638	 0	 2	 2
27967	 0	 3	 2
18665	 0	 3	 0
12466	 0	 0	 0
39723	 0	 4	 0
12766	 0	 1	 1
28641	 0	 3	 1
36100	 0	 3	 0
30495	 0	 1	 1
25823	 0	 2	 0
14704	 0	 0	 0
13997	 0	 0	 2
15848	 0	 0	 0
1242	 0	 0	 0
