A	 C	 G	 T
20036	 1	 2	 0
17748	 0	 1	 0
40852	 2	 13	 2
19849	 0	 2	 0
26058	 0	 3	 0
32982	 0	 6	 1
28556	 3	 5	 1
29615	 0	 2	 0
33003	 6	 5	 0
27792	 0	 4	 2
27456	 0	 10	 1
26927	 0	 5	 0
21484	 0	 5	 2
8509	 0	 1	 0
31707	 0	 5	 1
35632	 2	 4	 0
21366	 0	 5	 0
27567	 1	 5	 1
31046	 1	 3	 0
30677	 0	 10	 0
33269	 1	 5	 0
27020	 0	 3	 0
28952	 1	 5	 1
37167	 0	 6	 0
15796	 0	 4	 1
29189	 0	 8	 1
40981	 0	 5	 1
32453	 0	 3	 1
29875	 0	 5	 0
14794	 0	 1	 1
38709	 0	 4	 1
15894	 0	 3	 1
5	 0	 0	 0
30952	 0	 3	 0
18592	 0	 1	 0
30440	 0	 1	 1
20117	 0	 4	 2
13462	 0	 3	 1
42476	 0	 13	 2
13650	 1	 2	 0
30440	 1	 5	 1
38185	 0	 4	 0
33032	 1	 7	 0
28206	 0	 3	 0
15807	 1	 2	 1
15109	 0	 3	 0
16870	 0	 0	 0
1380	 0	 1	 0
