A	 C	 G	 T
15996	 1	 4	 0
15121	 0	 11	 0
35218	 0	 13	 1
16546	 1	 6	 0
22244	 0	 4	 1
28310	 4	 12	 2
23377	 0	 9	 0
24950	 1	 7	 0
27526	 2	 9	 2
23828	 2	 8	 0
24407	 1	 7	 1
22780	 1	 2	 0
17640	 1	 12	 1
7173	 0	 3	 0
27156	 3	 15	 0
30388	 1	 3	 2
18751	 0	 14	 1
22755	 1	 9	 2
26546	 3	 14	 1
26095	 2	 5	 0
28447	 1	 7	 1
23237	 1	 7	 0
24883	 1	 7	 0
31492	 1	 8	 0
13716	 0	 2	 2
24841	 0	 9	 0
34668	 2	 9	 1
27845	 0	 8	 1
25566	 0	 8	 1
12876	 3	 2	 0
32954	 2	 5	 0
13513	 0	 4	 0
5	 0	 0	 0
26477	 1	 10	 1
15795	 1	 3	 0
26185	 1	 4	 2
17479	 1	 6	 0
11619	 0	 2	 0
36141	 2	 20	 0
11401	 0	 0	 0
26956	 3	 6	 2
32346	 2	 17	 3
28465	 1	 14	 0
24069	 0	 3	 0
12977	 0	 1	 0
12981	 1	 2	 0
14321	 0	 4	 0
1203	 0	 0	 0
