A	 C	 G	 T
0	 14	 0	 17699
0	 12	 0	 15647
0	 27	 0	 35775
2	 5	 0	 17319
0	 8	 2	 22953
2	 19	 0	 29069
1	 15	 0	 24896
0	 15	 1	 26084
0	 23	 0	 28876
0	 12	 1	 24494
1	 24	 0	 23911
1	 5	 0	 23771
0	 14	 0	 18776
0	 3	 0	 7445
1	 14	 0	 27770
1	 10	 0	 31030
1	 7	 0	 18533
1	 17	 1	 24321
0	 15	 0	 27233
1	 13	 0	 26898
0	 20	 0	 29157
0	 12	 0	 23645
0	 15	 0	 25393
2	 19	 3	 32381
1	 4	 0	 13731
0	 16	 0	 25845
2	 23	 1	 35890
1	 17	 1	 28357
1	 12	 0	 26125
0	 6	 0	 12898
0	 18	 1	 33955
0	 6	 1	 13963
0	 0	 0	 5
1	 14	 0	 27070
1	 9	 0	 16380
0	 12	 0	 26614
0	 10	 0	 17595
0	 3	 0	 11714
1	 24	 1	 37195
0	 8	 0	 12076
0	 21	 1	 26618
0	 21	 1	 33455
0	 15	 3	 28956
0	 13	 0	 24593
1	 12	 1	 13834
0	 10	 0	 13152
1	 9	 0	 14796
0	 1	 0	 1201
