A	 C	 G	 T
0	 5	 0	 3715
1	 0	 0	 2754
0	 6	 0	 6339
0	 0	 0	 3258
0	 4	 0	 4308
0	 6	 0	 5452
0	 4	 0	 4543
0	 5	 0	 4881
0	 5	 0	 5135
0	 0	 0	 4518
0	 2	 0	 4251
0	 3	 0	 4289
0	 5	 1	 3523
1	 0	 0	 1367
0	 6	 0	 5079
0	 4	 0	 5701
0	 1	 0	 3516
0	 4	 0	 4589
0	 6	 0	 4838
0	 4	 0	 4568
0	 3	 0	 6022
0	 2	 0	 4191
0	 1	 0	 5523
0	 7	 0	 6059
0	 4	 0	 2572
0	 3	 0	 5053
0	 5	 0	 7117
0	 3	 0	 4993
0	 3	 1	 4876
0	 2	 0	 2277
0	 8	 0	 6468
0	 2	 0	 2377
0	 0	 0	 3
0	 3	 0	 4699
0	 0	 0	 2984
0	 1	 0	 4876
0	 2	 0	 3241
0	 0	 0	 2083
0	 2	 0	 6578
0	 1	 0	 2258
0	 5	 0	 5147
0	 5	 0	 6368
0	 1	 0	 5124
0	 3	 0	 4703
0	 0	 0	 2606
0	 1	 0	 2470
0	 1	 0	 2755
0	 0	 0	 195
