A	 C	 G	 T
0	 3	 0	 16876
0	 3	 2	 15954
1	 2	 0	 37093
2	 1	 0	 17628
0	 2	 1	 23415
0	 7	 1	 29816
1	 4	 0	 25012
1	 4	 1	 26416
0	 3	 1	 29336
0	 2	 0	 25172
0	 5	 0	 25718
1	 2	 0	 24057
0	 3	 0	 18658
0	 0	 0	 7606
0	 6	 1	 28714
0	 0	 0	 31965
0	 1	 0	 19731
0	 4	 0	 24044
2	 4	 1	 27839
0	 1	 0	 27625
0	 5	 0	 29955
0	 1	 0	 24448
0	 2	 1	 26157
0	 5	 0	 33142
0	 0	 0	 14497
1	 2	 0	 26281
1	 5	 0	 36547
1	 2	 1	 29375
1	 0	 1	 26947
1	 1	 1	 13516
0	 6	 1	 34732
0	 0	 0	 14273
0	 0	 0	 5
1	 4	 0	 28031
0	 2	 0	 16697
0	 2	 0	 27669
1	 2	 0	 18372
0	 0	 0	 12177
0	 4	 1	 38098
0	 3	 0	 12058
0	 5	 1	 28275
1	 6	 1	 34296
3	 2	 0	 30006
1	 4	 0	 25306
1	 1	 1	 13896
1	 1	 0	 13673
1	 3	 0	 15099
0	 0	 0	 1273
