A	 C	 G	 T
2	 0	 18098	 2
1	 0	 17092	 0
0	 0	 39659	 4
0	 0	 18821	 2
0	 1	 24994	 1
1	 1	 31893	 1
0	 0	 26869	 1
1	 2	 28170	 4
4	 0	 31398	 3
1	 0	 27015	 2
2	 0	 27412	 1
1	 0	 25792	 5
1	 0	 19936	 1
0	 0	 8136	 1
1	 0	 30648	 1
4	 0	 34195	 2
5	 2	 21159	 1
0	 2	 25776	 2
2	 0	 29777	 2
3	 0	 29435	 1
0	 0	 31993	 1
2	 1	 26185	 2
1	 1	 28026	 4
4	 1	 35472	 3
2	 1	 15493	 0
1	 0	 28162	 1
1	 1	 39080	 1
4	 0	 31324	 0
0	 1	 28796	 2
0	 0	 14408	 0
0	 2	 37190	 1
3	 0	 15227	 0
0	 0	 4	 0
1	 0	 29909	 3
0	 0	 17873	 1
1	 0	 29560	 1
0	 0	 19680	 1
1	 0	 12980	 2
4	 0	 40839	 4
0	 1	 12946	 1
1	 2	 30287	 1
1	 0	 36633	 7
3	 0	 32080	 2
2	 1	 27167	 3
1	 0	 14859	 1
1	 0	 14585	 3
0	 0	 16188	 1
0	 0	 1349	 0
