A	 C	 G	 T
16144	 0	 2	 0
15256	 2	 5	 0
35498	 0	 2	 0
16588	 0	 1	 0
22297	 3	 3	 2
28606	 1	 3	 1
23139	 2	 1	 0
25263	 2	 2	 0
27303	 3	 3	 0
24053	 3	 4	 2
24404	 3	 0	 0
23014	 0	 5	 0
17824	 1	 2	 1
7253	 0	 0	 0
27414	 2	 4	 0
30730	 3	 0	 0
18768	 2	 4	 0
22892	 3	 4	 1
26555	 2	 4	 0
26343	 2	 4	 2
28632	 3	 5	 0
23382	 2	 3	 0
25102	 3	 5	 1
31841	 3	 4	 2
13821	 0	 0	 0
25177	 3	 3	 2
34827	 3	 4	 0
28118	 2	 2	 1
25724	 0	 1	 0
12827	 2	 2	 0
33058	 3	 2	 0
13713	 1	 0	 0
3	 0	 0	 0
26761	 0	 2	 2
16025	 0	 2	 0
26429	 0	 2	 0
17593	 2	 0	 1
11614	 1	 1	 0
36387	 2	 2	 0
11598	 3	 2	 0
26950	 1	 1	 1
32660	 2	 4	 1
28629	 2	 1	 1
24158	 1	 0	 0
12853	 0	 1	 0
13087	 0	 1	 1
14395	 0	 2	 0
1204	 0	 0	 0
