A	 C	 G	 T
1	 3	 2	 17955
1	 2	 3	 17053
1	 11	 8	 39572
1	 1	 4	 18637
2	 3	 3	 24928
0	 9	 8	 31710
0	 2	 5	 26778
1	 6	 7	 28125
1	 5	 5	 31258
1	 6	 4	 26963
1	 8	 7	 27411
0	 3	 2	 25622
2	 2	 2	 19905
1	 0	 1	 8113
1	 5	 9	 30568
0	 3	 8	 34159
2	 3	 2	 21145
0	 6	 8	 25722
2	 5	 4	 29650
1	 5	 3	 29442
2	 6	 9	 31910
0	 4	 2	 26145
5	 4	 5	 28016
3	 9	 9	 35424
0	 2	 2	 15456
1	 5	 4	 28045
1	 2	 9	 38987
2	 6	 5	 31312
2	 8	 5	 28710
1	 4	 2	 14399
4	 7	 7	 37118
2	 5	 1	 15207
0	 0	 0	 5
1	 9	 4	 29902
1	 3	 5	 17860
0	 3	 6	 29498
3	 4	 5	 19572
2	 2	 3	 12970
3	 6	 11	 40821
3	 1	 5	 12903
1	 8	 9	 30304
1	 6	 7	 36549
2	 2	 8	 32095
1	 2	 3	 27107
0	 3	 5	 14786
0	 0	 5	 14547
1	 4	 5	 16185
0	 1	 0	 1348
