A	 C	 G	 T
0	 8	 0	 20140
0	 4	 0	 17701
0	 10	 0	 40675
0	 3	 0	 19829
2	 5	 0	 26008
0	 11	 0	 33194
0	 6	 0	 28451
0	 4	 0	 29673
0	 4	 0	 32915
0	 11	 0	 27828
0	 4	 0	 27373
2	 3	 0	 26817
0	 8	 1	 21417
0	 1	 0	 8517
1	 5	 0	 31740
0	 3	 0	 35464
2	 5	 0	 21395
0	 6	 0	 27556
1	 5	 0	 30958
0	 5	 0	 30510
0	 5	 0	 33263
0	 4	 0	 26880
1	 4	 0	 28971
0	 4	 0	 37162
0	 3	 1	 15773
0	 10	 1	 29222
0	 8	 0	 40900
0	 5	 0	 32244
0	 9	 0	 29837
1	 3	 0	 14713
0	 13	 1	 38698
0	 0	 0	 15846
0	 0	 0	 4
0	 7	 0	 30878
0	 2	 0	 18615
0	 3	 0	 30250
0	 4	 0	 20101
0	 2	 0	 13393
0	 11	 0	 42490
0	 0	 0	 13596
2	 10	 0	 30451
0	 10	 0	 38260
0	 11	 0	 32821
0	 6	 0	 28064
0	 2	 0	 15732
0	 2	 0	 15025
0	 3	 0	 16922
0	 0	 0	 1376
