A	 C	 G	 T
14682	 0	 0	 0
14053	 0	 1	 0
32427	 0	 3	 1
14972	 0	 1	 1
20372	 0	 1	 1
26354	 0	 1	 0
21149	 0	 3	 0
22969	 0	 3	 0
24883	 0	 2	 1
22129	 0	 0	 0
22121	 0	 1	 1
20932	 0	 2	 0
16175	 0	 1	 2
6596	 0	 0	 0
25099	 0	 2	 1
28089	 0	 2	 0
17032	 0	 1	 0
21096	 0	 1	 1
24379	 0	 2	 0
24137	 0	 5	 0
26185	 0	 2	 0
21348	 0	 1	 0
22945	 0	 0	 1
29130	 0	 0	 1
12570	 0	 2	 0
23220	 0	 1	 1
31904	 0	 2	 0
25691	 0	 1	 1
23600	 0	 1	 1
11794	 0	 1	 1
30037	 0	 1	 0
12536	 0	 0	 0
5	 0	 0	 0
24348	 1	 2	 1
14783	 0	 1	 1
24164	 0	 2	 0
15980	 0	 3	 0
10585	 0	 1	 0
33404	 0	 1	 0
10642	 0	 1	 1
24603	 0	 2	 0
29749	 0	 5	 3
25967	 0	 1	 0
22050	 0	 1	 1
11672	 0	 1	 0
11922	 0	 1	 0
13184	 0	 0	 0
1111	 0	 0	 0
