A	 C	 G	 T
0	 2	 1	 16565
0	 5	 1	 15610
0	 6	 1	 36431
0	 1	 2	 17283
2	 3	 3	 22931
1	 3	 4	 29230
1	 5	 2	 24597
3	 5	 3	 25951
1	 4	 3	 28728
3	 2	 2	 24596
2	 5	 2	 25182
0	 3	 4	 23727
2	 1	 4	 18266
1	 0	 1	 7473
0	 7	 2	 28089
1	 2	 1	 31456
1	 2	 3	 19382
2	 1	 3	 23539
0	 8	 6	 27263
1	 4	 2	 27129
1	 3	 2	 29315
1	 3	 1	 24041
3	 4	 2	 25705
2	 2	 3	 32582
1	 0	 1	 14252
1	 4	 1	 25719
0	 3	 3	 35778
1	 2	 4	 28871
1	 2	 4	 26437
1	 2	 0	 13293
3	 4	 2	 34061
0	 0	 4	 14020
0	 0	 0	 5
1	 4	 3	 27560
0	 1	 4	 16402
0	 3	 3	 27209
0	 1	 2	 18078
1	 0	 2	 11915
3	 4	 1	 37357
1	 2	 1	 11863
1	 2	 4	 27738
0	 1	 2	 33557
1	 3	 3	 29416
2	 1	 2	 24893
0	 2	 1	 13680
1	 2	 1	 13399
1	 3	 0	 14818
0	 0	 0	 1245
