A	 C	 G	 T
0	 2	 0	 16519
0	 0	 0	 15597
0	 9	 1	 36327
0	 4	 0	 17229
2	 5	 0	 22855
3	 11	 0	 29146
1	 4	 1	 24450
0	 3	 1	 25867
2	 11	 0	 28584
0	 6	 0	 24567
0	 7	 2	 25093
0	 2	 0	 23666
0	 2	 0	 18215
0	 3	 0	 7443
0	 6	 0	 28006
0	 5	 2	 31375
0	 4	 0	 19297
0	 6	 0	 23480
0	 4	 0	 27216
1	 7	 2	 27040
0	 7	 0	 29245
0	 7	 2	 23980
1	 7	 0	 25638
0	 3	 0	 32534
1	 3	 0	 14198
0	 8	 0	 25683
1	 4	 2	 35680
1	 2	 0	 28796
0	 4	 0	 26393
0	 2	 0	 13244
0	 6	 0	 33932
1	 3	 0	 13979
0	 0	 0	 4
1	 4	 2	 27481
2	 4	 0	 16362
0	 3	 0	 27108
1	 3	 0	 17995
0	 0	 0	 11891
1	 2	 0	 37272
0	 0	 0	 11839
0	 5	 0	 27651
0	 7	 1	 33446
0	 3	 0	 29352
0	 6	 0	 24812
1	 5	 0	 13585
0	 1	 1	 13384
0	 1	 0	 14784
0	 2	 0	 1241
