A	 C	 G	 T
0	 1	 0	 19320
1	 0	 0	 17020
0	 3	 0	 39269
0	 0	 0	 19115
0	 1	 0	 25014
1	 2	 0	 31692
0	 0	 1	 27366
1	 1	 0	 28488
1	 2	 0	 31625
1	 0	 0	 26753
2	 0	 0	 26289
4	 1	 0	 25905
1	 0	 0	 20598
0	 0	 0	 8188
2	 0	 0	 30402
2	 2	 0	 34178
0	 2	 0	 20450
0	 2	 0	 26536
2	 0	 0	 29782
2	 1	 0	 29548
2	 1	 0	 32094
0	 2	 0	 25940
0	 0	 0	 27992
0	 0	 0	 35757
1	 1	 0	 15119
1	 1	 0	 28133
1	 1	 0	 39417
3	 1	 0	 31017
1	 2	 0	 28737
1	 1	 0	 14112
2	 3	 0	 37145
0	 0	 0	 15253
0	 0	 0	 5
0	 1	 0	 29731
0	 1	 0	 17976
2	 0	 0	 29204
1	 0	 0	 19329
0	 1	 0	 12888
2	 2	 0	 40863
0	 0	 0	 13142
0	 1	 0	 29242
2	 2	 0	 36751
0	 5	 0	 31653
2	 0	 0	 27070
0	 0	 0	 15150
0	 0	 0	 14458
0	 0	 0	 16253
0	 0	 0	 1309
