A	 C	 G	 T
16802	 0	 6	 1
15837	 0	 4	 0
36925	 1	 4	 2
17554	 2	 1	 1
23248	 0	 0	 1
29597	 0	 5	 2
25064	 0	 7	 1
26306	 0	 3	 1
29312	 1	 7	 2
24964	 0	 4	 2
25548	 0	 6	 6
24041	 0	 2	 2
18531	 0	 4	 1
7567	 0	 1	 0
28528	 0	 8	 1
31877	 0	 4	 0
19669	 0	 6	 0
23909	 0	 5	 2
27697	 0	 4	 0
27542	 0	 5	 1
29704	 1	 2	 2
24368	 0	 1	 0
26079	 0	 3	 1
32971	 0	 7	 1
14439	 1	 3	 0
26149	 1	 3	 1
36272	 0	 7	 1
29302	 0	 4	 0
26815	 1	 5	 1
13496	 1	 5	 0
34575	 0	 8	 2
14196	 0	 1	 1
5	 0	 0	 0
27936	 1	 7	 1
16609	 0	 1	 2
27605	 0	 4	 2
18342	 2	 4	 1
12117	 0	 0	 0
37921	 0	 9	 2
12023	 0	 1	 0
28151	 0	 1	 0
34050	 0	 6	 2
29847	 1	 12	 0
25235	 0	 1	 1
13888	 0	 1	 0
13584	 0	 1	 0
15040	 0	 3	 1
1272	 0	 3	 0
