A	 C	 G	 T
2	 0	 0	 15999
0	 4	 0	 15109
5	 6	 0	 35109
0	 1	 0	 16494
1	 2	 0	 22175
1	 5	 0	 28333
1	 1	 0	 23137
0	 3	 0	 24916
0	 5	 0	 27388
4	 3	 0	 23735
1	 4	 0	 24336
1	 3	 0	 22788
1	 2	 0	 17663
0	 0	 0	 7150
0	 2	 0	 27129
1	 7	 0	 30217
0	 6	 0	 18682
1	 1	 0	 22666
0	 5	 0	 26448
0	 1	 0	 26147
1	 5	 0	 28372
2	 6	 0	 23139
1	 1	 0	 24761
0	 6	 0	 31350
0	 0	 0	 13627
1	 1	 0	 24946
2	 5	 0	 34674
3	 3	 0	 27732
0	 5	 0	 25450
1	 1	 0	 12705
2	 6	 0	 32763
0	 1	 0	 13487
0	 0	 0	 3
1	 3	 0	 26426
1	 0	 0	 15768
0	 3	 0	 26108
0	 2	 0	 17383
0	 0	 0	 11524
1	 5	 0	 36007
1	 2	 1	 11373
2	 7	 0	 26718
1	 4	 0	 32419
0	 1	 0	 28387
1	 2	 0	 23877
2	 2	 0	 12860
0	 0	 0	 12921
1	 4	 0	 14264
0	 0	 0	 1204
