A	 C	 G	 T
6	 0	 1277	 2
1	 0	 2024	 5
1	 0	 3671	 4
1	 0	 2072	 2
3	 0	 2639	 1
2	 0	 3357	 0
1	 0	 3026	 1
6	 0	 2630	 2
4	 0	 3504	 2
6	 0	 2459	 5
3	 0	 3036	 0
2	 1	 2942	 3
7	 0	 2180	 3
1	 0	 882	 1
1	 0	 3240	 1
1	 1	 3903	 1
3	 0	 2188	 2
4	 1	 2998	 0
2	 1	 3257	 0
3	 0	 2886	 8
2	 0	 3464	 2
2	 1	 2810	 1
1	 0	 1732	 4
2	 0	 3490	 0
2	 0	 1603	 3
1	 0	 2631	 3
1	 0	 3623	 3
2	 0	 3107	 1
5	 0	 3069	 3
2	 0	 1748	 0
4	 2	 3234	 3
2	 0	 1680	 1
0	 0	 2	 0
3	 0	 3364	 3
0	 0	 1829	 3
3	 0	 3179	 1
3	 0	 2009	 1
2	 0	 1404	 2
4	 1	 4119	 1
0	 0	 1492	 1
1	 0	 2497	 3
4	 0	 3401	 3
4	 1	 3692	 0
3	 0	 2567	 2
4	 1	 1623	 2
1	 1	 1616	 0
3	 0	 1591	 2
0	 0	 131	 2
