A	 C	 G	 T
2	 0	 0	 19400
3	 1	 0	 17138
1	 3	 0	 39555
0	 1	 0	 19208
0	 0	 0	 25174
1	 1	 0	 31830
2	 2	 0	 27517
0	 1	 0	 28649
2	 3	 0	 31824
0	 3	 0	 26936
2	 0	 0	 26433
1	 0	 0	 26066
0	 2	 0	 20707
0	 1	 0	 8213
0	 0	 0	 30601
0	 4	 0	 34428
0	 1	 0	 20575
0	 1	 0	 26678
0	 1	 0	 29936
1	 2	 0	 29616
3	 1	 0	 32193
1	 0	 0	 26089
1	 0	 0	 28063
2	 1	 0	 35977
0	 2	 0	 15193
0	 2	 0	 28251
1	 3	 0	 39558
1	 1	 0	 31253
0	 1	 0	 28863
1	 4	 0	 14220
2	 4	 0	 37289
2	 0	 0	 15368
0	 0	 0	 4
2	 0	 0	 29893
0	 4	 0	 18023
2	 1	 0	 29393
0	 3	 0	 19427
0	 0	 0	 12993
1	 3	 0	 40969
0	 0	 0	 13211
0	 1	 0	 29353
1	 0	 0	 36943
1	 0	 0	 31866
1	 2	 0	 27254
0	 1	 0	 15242
0	 0	 0	 14577
2	 1	 0	 16307
0	 0	 0	 1317
