A	 C	 G	 T
18777	 0	 0	 1
16550	 0	 0	 0
38409	 2	 0	 2
18624	 0	 0	 0
24374	 0	 0	 0
30894	 0	 0	 1
26653	 0	 0	 1
27763	 0	 0	 0
30820	 0	 0	 0
26092	 1	 0	 1
25598	 0	 0	 0
25337	 0	 0	 0
20080	 0	 0	 0
7965	 0	 0	 0
29649	 2	 0	 1
33314	 0	 0	 0
19934	 0	 0	 1
25857	 0	 0	 1
29097	 0	 0	 1
28684	 0	 0	 0
31214	 0	 0	 2
25248	 0	 0	 1
27218	 0	 0	 2
34878	 0	 0	 0
14709	 0	 0	 0
27363	 1	 0	 0
38357	 0	 0	 1
30224	 0	 0	 0
28010	 1	 0	 0
13748	 1	 0	 0
36129	 0	 0	 0
14898	 0	 0	 0
4	 0	 0	 0
28967	 0	 0	 1
17466	 0	 0	 0
28497	 0	 0	 0
18807	 1	 0	 0
12567	 0	 0	 1
39653	 0	 0	 1
12784	 0	 0	 0
28439	 0	 0	 1
35810	 0	 0	 1
30900	 0	 0	 1
26411	 0	 0	 2
14709	 0	 0	 0
14120	 0	 0	 0
15789	 0	 0	 1
1269	 0	 0	 0
