A	 C	 G	 T
0	 16418	 0	 0
1	 15479	 0	 1
11	 36109	 0	 2
2	 17058	 0	 1
5	 22749	 0	 1
1	 29030	 3	 1
4	 24250	 1	 0
5	 25735	 1	 0
1	 28412	 0	 2
3	 24424	 0	 1
1	 24962	 1	 1
5	 23510	 1	 0
2	 18148	 0	 0
2	 7396	 0	 0
3	 27879	 0	 3
1	 31244	 0	 1
5	 19212	 0	 3
7	 23358	 0	 0
2	 27034	 0	 1
4	 26892	 1	 1
8	 29076	 0	 0
8	 23854	 0	 0
4	 25534	 0	 0
5	 32336	 0	 1
2	 14109	 0	 2
5	 25551	 0	 0
3	 35479	 1	 2
5	 28656	 0	 1
2	 26217	 1	 3
1	 13150	 1	 0
4	 33769	 0	 3
1	 13912	 0	 1
0	 4	 0	 0
3	 27325	 0	 1
0	 16268	 0	 2
7	 26957	 0	 0
9	 17899	 1	 1
5	 11830	 0	 1
6	 37054	 0	 1
1	 11793	 1	 0
3	 27529	 1	 1
1	 33267	 0	 0
4	 29156	 0	 2
3	 24674	 0	 0
3	 13479	 0	 3
2	 13300	 0	 1
1	 14703	 0	 0
0	 1229	 0	 0
