A	 C	 G	 T
0	 15372	 1	 2
0	 14812	 1	 2
1	 34387	 0	 4
0	 15918	 0	 2
0	 21686	 0	 1
1	 27668	 1	 4
0	 22624	 0	 5
0	 24412	 0	 6
1	 26803	 1	 2
1	 23280	 0	 2
1	 23800	 3	 3
0	 21686	 0	 5
5	 17170	 0	 0
2	 6969	 0	 0
0	 26572	 0	 3
0	 29671	 0	 4
4	 18289	 0	 4
1	 22253	 0	 3
0	 25886	 1	 5
0	 25469	 0	 8
0	 27787	 2	 5
0	 22595	 1	 2
1	 24261	 0	 3
1	 30707	 3	 6
0	 13360	 0	 1
0	 24301	 3	 3
1	 33836	 0	 9
0	 27111	 0	 2
0	 24960	 2	 6
1	 12398	 0	 1
1	 32014	 0	 4
1	 13144	 0	 2
0	 3	 0	 0
0	 25814	 3	 1
1	 15481	 1	 1
0	 25543	 0	 6
1	 16579	 2	 1
0	 11291	 0	 1
2	 35226	 1	 7
0	 11038	 0	 2
1	 26239	 0	 4
1	 31638	 0	 4
2	 27696	 1	 4
0	 23419	 0	 1
0	 12639	 0	 4
0	 12659	 0	 0
0	 13967	 0	 1
0	 1160	 0	 0
