A	 C	 G	 T
0	 3	 0	 19044
0	 3	 3	 16886
0	 9	 2	 38872
0	 1	 1	 18883
1	 5	 0	 24815
0	 5	 0	 31628
0	 6	 0	 27088
0	 1	 0	 28222
1	 1	 0	 31331
1	 4	 2	 26497
1	 10	 0	 26026
0	 6	 0	 25657
0	 7	 1	 20395
0	 0	 0	 8099
0	 3	 1	 30095
0	 2	 0	 33891
0	 5	 0	 20379
0	 4	 0	 26310
0	 7	 0	 29671
0	 4	 0	 29171
0	 9	 2	 31688
0	 3	 0	 25596
1	 3	 1	 27542
0	 4	 0	 35298
0	 1	 0	 14941
1	 9	 0	 27875
0	 7	 0	 39054
0	 8	 1	 30714
0	 11	 0	 28499
1	 5	 0	 14004
2	 11	 0	 36804
0	 2	 0	 15100
0	 0	 0	 5
0	 3	 0	 29367
0	 4	 0	 17747
0	 1	 0	 28995
1	 3	 1	 19165
0	 0	 0	 12806
0	 5	 1	 40316
0	 3	 0	 12945
0	 10	 0	 28862
0	 7	 2	 36283
1	 2	 0	 31362
0	 3	 0	 26776
0	 2	 1	 14991
0	 1	 0	 14339
1	 4	 0	 16047
0	 0	 1	 1312
