A	 C	 G	 T
15517	 0	 0	 0
13414	 0	 0	 2
30701	 0	 0	 0
15297	 0	 0	 1
19493	 0	 0	 2
25599	 0	 0	 0
21590	 0	 0	 1
22712	 0	 0	 0
24406	 0	 1	 0
21543	 0	 0	 1
20189	 0	 0	 0
20156	 0	 0	 0
15960	 0	 0	 0
6471	 0	 0	 0
23841	 0	 0	 1
26454	 0	 1	 1
15872	 0	 1	 0
21115	 0	 0	 1
23138	 0	 1	 0
23435	 0	 0	 1
25595	 0	 1	 1
20357	 0	 0	 1
22244	 0	 0	 0
28427	 0	 2	 0
11738	 0	 2	 1
22590	 0	 0	 0
31092	 0	 0	 1
24214	 0	 2	 1
22380	 0	 1	 1
10919	 0	 0	 0
29291	 0	 2	 1
11980	 0	 0	 1
4	 0	 0	 0
23583	 0	 1	 0
14664	 0	 0	 0
22573	 0	 0	 2
15308	 0	 0	 1
10025	 0	 0	 0
32109	 0	 0	 2
10498	 0	 0	 0
23134	 0	 0	 0
29217	 0	 0	 1
24328	 0	 0	 0
21525	 0	 0	 0
11834	 0	 0	 1
11098	 0	 0	 0
12784	 1	 0	 0
1022	 0	 0	 0
