A	 C	 G	 T
1	 16698	 0	 0
0	 15769	 1	 0
1	 36855	 0	 2
0	 17465	 1	 5
0	 23266	 0	 1
0	 29560	 1	 1
1	 24804	 1	 0
1	 26258	 0	 3
3	 28977	 1	 2
0	 24949	 0	 1
1	 25530	 1	 0
2	 23920	 0	 1
0	 18477	 0	 3
0	 7530	 0	 0
2	 28406	 1	 4
1	 31785	 1	 2
0	 19591	 0	 1
0	 23879	 0	 0
1	 27658	 0	 1
4	 27348	 1	 2
1	 29729	 0	 2
1	 24328	 1	 2
0	 26017	 2	 1
3	 32950	 0	 1
0	 14388	 0	 2
2	 26127	 0	 0
3	 36275	 0	 0
0	 29215	 1	 1
1	 26766	 2	 2
1	 13463	 1	 0
2	 34488	 0	 2
0	 14145	 0	 0
0	 4	 0	 0
2	 27852	 1	 1
1	 16572	 1	 2
1	 27471	 0	 2
4	 18239	 0	 2
1	 12112	 0	 1
1	 37871	 1	 2
1	 11965	 1	 1
2	 28067	 2	 2
1	 33922	 0	 1
2	 29778	 2	 0
0	 25184	 0	 3
1	 13760	 0	 1
2	 13564	 0	 2
1	 14984	 0	 1
0	 1267	 0	 0
