A	 C	 G	 T
0	 1	 0	 14662
1	 4	 0	 14050
0	 12	 1	 32384
0	 5	 0	 14968
1	 5	 0	 20346
0	 4	 2	 26342
2	 3	 0	 21136
0	 2	 0	 22959
0	 9	 0	 24895
2	 2	 0	 22114
0	 8	 0	 22105
0	 1	 0	 20911
0	 2	 0	 16176
0	 1	 0	 6598
0	 1	 0	 25080
0	 2	 0	 28063
0	 3	 0	 17009
0	 3	 0	 21066
2	 9	 0	 24336
1	 2	 0	 24130
1	 6	 0	 26171
1	 2	 1	 21329
0	 2	 0	 22944
1	 4	 0	 29105
0	 0	 0	 12562
0	 7	 1	 23190
1	 4	 0	 31852
2	 3	 0	 25654
0	 1	 0	 23586
0	 1	 0	 11790
2	 6	 0	 30006
0	 2	 0	 12522
0	 0	 0	 5
0	 2	 0	 24309
0	 5	 0	 14766
0	 1	 0	 24153
1	 1	 0	 15970
0	 1	 0	 10566
1	 5	 0	 33376
0	 1	 1	 10634
0	 5	 0	 24592
1	 8	 1	 29736
0	 14	 0	 25923
1	 2	 0	 22010
0	 3	 0	 11680
0	 0	 0	 11915
0	 2	 0	 13148
0	 0	 0	 1109
