A	 C	 G	 T
0	 6	 0	 8831
0	 0	 0	 8811
1	 5	 0	 20838
0	 2	 0	 9010
0	 0	 0	 12715
0	 7	 0	 14832
0	 4	 0	 13399
0	 2	 0	 13573
0	 3	 0	 15456
0	 5	 0	 12476
0	 0	 0	 13879
0	 1	 0	 13494
0	 5	 0	 10642
0	 2	 0	 4026
1	 6	 0	 14971
1	 7	 0	 17879
0	 6	 0	 10580
1	 5	 0	 12968
0	 5	 0	 15721
0	 3	 0	 14974
0	 4	 0	 15293
0	 4	 0	 13189
0	 5	 0	 13881
0	 2	 0	 16941
0	 2	 0	 7510
0	 4	 0	 14052
0	 5	 0	 19917
0	 2	 0	 15824
0	 6	 0	 14457
0	 3	 1	 7422
0	 10	 0	 17384
0	 1	 0	 7825
0	 0	 0	 1
0	 1	 0	 14610
0	 3	 0	 8584
0	 3	 0	 15742
1	 3	 0	 9681
0	 2	 0	 6477
0	 4	 0	 20013
0	 2	 0	 6175
0	 3	 0	 13762
0	 3	 0	 17388
0	 5	 0	 16711
0	 2	 0	 13943
0	 1	 0	 7564
0	 2	 0	 7358
0	 3	 0	 7963
0	 0	 0	 705
