A	 C	 G	 T
10	 158	 17585	 17
16	 134	 16630	 15
13	 167	 38589	 32
11	 144	 18380	 21
25	 186	 24379	 24
18	 214	 31043	 20
21	 168	 26199	 28
13	 87	 27501	 28
17	 96	 30580	 28
11	 107	 26298	 24
9	 114	 26783	 22
11	 89	 24730	 22
10	 95	 19458	 13
13	 142	 7932	 12
25	 262	 29852	 31
13	 138	 33347	 24
6	 103	 20682	 13
10	 160	 25066	 21
23	 199	 28968	 22
15	 137	 28714	 21
18	 142	 31101	 24
9	 124	 25512	 13
25	 247	 27283	 20
23	 187	 34565	 32
10	 101	 15127	 15
21	 122	 27279	 22
22	 178	 38015	 33
10	 118	 30544	 32
15	 159	 28064	 22
13	 121	 14059	 14
19	 225	 36225	 29
21	 74	 14900	 16
0	 0	 5	 0
20	 206	 29244	 26
12	 113	 17325	 33
15	 107	 28800	 22
14	 180	 18902	 10
16	 141	 12674	 7
23	 243	 39811	 28
4	 56	 12559	 15
13	 79	 29570	 18
21	 166	 35757	 37
13	 119	 31250	 21
9	 88	 26368	 29
20	 170	 14519	 19
8	 81	 14197	 17
14	 107	 15719	 15
8	 71	 1332	 2
