A	 C	 G	 T
0	 0	 16654	 0
0	 0	 15809	 0
2	 0	 36812	 1
1	 0	 17362	 2
3	 0	 23165	 0
1	 1	 29575	 5
2	 2	 24736	 1
0	 0	 26174	 0
2	 1	 28957	 2
2	 1	 24943	 2
0	 1	 25475	 1
2	 1	 23838	 2
1	 0	 18471	 5
0	 0	 7510	 2
2	 0	 28458	 3
0	 0	 31697	 1
0	 0	 19573	 1
0	 0	 23823	 2
1	 0	 27582	 2
1	 1	 27348	 2
1	 0	 29672	 2
2	 0	 24237	 8
3	 0	 25952	 1
1	 1	 32910	 5
1	 0	 14354	 0
2	 0	 26076	 1
3	 0	 36258	 5
1	 1	 29074	 5
0	 0	 26672	 1
2	 0	 13376	 0
3	 1	 34360	 1
0	 0	 14134	 2
0	 0	 4	 0
1	 1	 27748	 2
0	 0	 16567	 0
2	 0	 27449	 0
1	 0	 18198	 0
0	 1	 12070	 1
3	 1	 37726	 1
1	 0	 11915	 1
1	 0	 28012	 1
2	 0	 33965	 2
1	 0	 29730	 1
3	 0	 25117	 2
1	 0	 13691	 1
0	 0	 13549	 0
0	 0	 14937	 0
0	 0	 1261	 0
