A	 C	 G	 T
2	 0	 18184	 11
1	 0	 17170	 9
1	 0	 39819	 32
0	 0	 18943	 14
1	 0	 25093	 14
2	 0	 31998	 17
0	 0	 27090	 18
2	 0	 28363	 16
2	 0	 31559	 18
0	 1	 27161	 13
1	 1	 27577	 10
0	 0	 25289	 15
0	 0	 20041	 11
0	 0	 8168	 3
2	 0	 30813	 20
0	 0	 34352	 15
1	 0	 21291	 7
1	 0	 25848	 15
3	 0	 29879	 19
1	 0	 29607	 23
2	 0	 32125	 17
0	 0	 26319	 16
0	 1	 28147	 12
3	 2	 35649	 21
2	 0	 15570	 13
1	 0	 28229	 14
3	 0	 39229	 29
1	 0	 31502	 17
0	 1	 28937	 21
0	 0	 14484	 12
2	 0	 37392	 13
0	 0	 15331	 16
0	 0	 5	 0
0	 0	 30083	 24
1	 0	 17927	 9
3	 0	 29683	 16
0	 0	 19341	 13
0	 0	 13033	 9
1	 1	 41044	 26
1	 0	 13005	 7
2	 1	 30462	 17
3	 0	 36882	 21
1	 0	 32248	 24
0	 0	 27271	 17
2	 0	 14951	 14
0	 0	 14657	 7
1	 0	 16265	 16
0	 0	 1357	 1
