A	 C	 G	 T
1	 19666	 0	 1
0	 17395	 0	 1
2	 39988	 0	 3
3	 19468	 0	 0
1	 25542	 0	 3
0	 32382	 0	 3
3	 27900	 0	 5
1	 29105	 0	 1
1	 32268	 0	 5
1	 27300	 0	 3
0	 26881	 0	 2
1	 26451	 0	 4
2	 21006	 0	 0
2	 8339	 0	 1
0	 31036	 0	 2
0	 34814	 0	 4
5	 20921	 1	 1
0	 27040	 0	 2
1	 30496	 0	 2
1	 30005	 0	 2
1	 32622	 0	 1
3	 26381	 0	 1
6	 28410	 2	 1
0	 36384	 1	 2
0	 15427	 0	 3
5	 28673	 1	 2
2	 40096	 1	 0
2	 31651	 1	 0
1	 29325	 0	 1
0	 14452	 0	 1
2	 37902	 0	 2
2	 15606	 1	 1
0	 5	 0	 0
2	 30255	 2	 2
0	 18220	 0	 2
1	 29825	 0	 0
1	 19692	 0	 3
0	 13174	 0	 1
5	 41599	 0	 4
0	 13346	 0	 1
0	 29784	 0	 4
0	 37448	 0	 1
2	 32314	 0	 3
4	 27625	 0	 1
3	 15448	 1	 1
2	 14740	 1	 0
0	 16541	 0	 3
0	 1341	 0	 0
