A	 C	 G	 T
16961	 0	 0	 0
15995	 0	 1	 0
37241	 0	 5	 2
17715	 0	 0	 0
23490	 0	 1	 0
29902	 0	 2	 0
25285	 0	 0	 0
26522	 1	 0	 0
29638	 0	 5	 0
25238	 0	 2	 1
25833	 0	 1	 2
24198	 0	 0	 1
18703	 0	 0	 0
7633	 0	 1	 0
28837	 0	 4	 0
32089	 0	 2	 1
19824	 0	 4	 4
24163	 0	 3	 0
27912	 0	 1	 1
27742	 0	 1	 0
30022	 1	 1	 1
24530	 0	 1	 0
26271	 0	 1	 1
33237	 0	 3	 1
14534	 1	 0	 0
26353	 1	 2	 0
36678	 0	 1	 1
29514	 0	 2	 0
27040	 0	 1	 0
13579	 1	 0	 0
34886	 0	 6	 0
14316	 0	 0	 0
5	 0	 0	 0
28131	 0	 3	 2
16732	 0	 0	 0
27783	 0	 1	 0
18476	 0	 1	 1
12222	 0	 1	 0
38245	 0	 2	 1
12096	 1	 0	 0
28392	 0	 2	 0
34415	 0	 3	 1
30121	 0	 1	 1
25446	 0	 1	 0
14021	 0	 2	 1
13709	 0	 0	 0
15158	 0	 2	 0
1277	 0	 0	 0
