A	 C	 G	 T
16608	 0	 1	 0
15697	 0	 1	 2
36485	 0	 2	 0
17162	 0	 1	 0
23001	 0	 1	 2
29338	 0	 1	 0
24036	 0	 1	 0
25894	 0	 3	 0
28504	 0	 2	 1
24755	 0	 1	 0
25318	 0	 1	 0
23694	 0	 0	 0
18318	 1	 0	 0
7437	 0	 0	 0
28244	 1	 2	 1
31459	 1	 0	 0
19414	 0	 1	 0
23620	 1	 0	 1
27419	 0	 2	 0
27142	 0	 1	 0
29442	 0	 1	 1
24074	 0	 0	 0
25737	 0	 2	 0
32543	 0	 1	 0
14204	 0	 1	 0
25933	 0	 0	 0
35941	 0	 1	 0
28948	 0	 2	 0
26451	 0	 0	 0
13256	 0	 0	 0
34061	 0	 1	 2
14026	 0	 0	 0
5	 0	 0	 0
27531	 0	 1	 0
16435	 0	 0	 1
27231	 0	 1	 1
18057	 0	 2	 0
11998	 0	 3	 0
37448	 0	 1	 0
11814	 0	 1	 0
27760	 0	 3	 1
33614	 0	 2	 1
29508	 0	 0	 0
24892	 1	 1	 0
13391	 0	 0	 0
13436	 0	 0	 0
14851	 0	 0	 0
1251	 0	 0	 0
