A	 C	 G	 T
0	 3129	 0	 2
0	 3187	 0	 0
0	 6984	 0	 2
1	 3370	 0	 2
0	 4356	 0	 5
0	 5644	 0	 2
0	 4832	 0	 2
3	 4796	 0	 0
2	 5572	 1	 1
1	 4524	 0	 0
0	 4605	 0	 3
0	 4800	 0	 1
0	 3482	 0	 0
0	 1423	 0	 0
1	 5295	 0	 0
0	 6111	 0	 1
1	 3452	 0	 2
3	 4922	 0	 1
2	 5139	 0	 1
0	 5036	 0	 1
2	 5671	 0	 3
0	 4553	 0	 0
1	 4723	 0	 0
0	 6163	 0	 2
0	 2607	 0	 0
1	 5233	 0	 4
0	 8376	 0	 0
1	 5422	 0	 0
1	 5038	 0	 2
0	 2518	 0	 1
3	 6438	 0	 2
0	 2730	 0	 0
0	 1	 0	 0
0	 5310	 0	 0
0	 3106	 0	 0
0	 5266	 0	 1
0	 3460	 0	 3
0	 2213	 0	 0
0	 6839	 0	 2
0	 2506	 0	 0
0	 4942	 0	 2
2	 6335	 0	 4
2	 5653	 0	 0
0	 4987	 0	 1
0	 2568	 0	 0
0	 2780	 0	 1
0	 2849	 0	 0
0	 220	 0	 0
