A	 C	 G	 T
3	 465	 17479	 12
2	 522	 16522	 20
2	 536	 38187	 29
4	 399	 18189	 14
6	 699	 24240	 25
7	 740	 30805	 23
6	 537	 25930	 20
5	 280	 27117	 24
3	 303	 30223	 36
4	 336	 26051	 25
3	 318	 26529	 14
1	 292	 24789	 15
6	 311	 19261	 17
8	 459	 7943	 9
9	 673	 29650	 29
5	 396	 32957	 33
1	 275	 20495	 9
4	 477	 24886	 29
9	 673	 28756	 28
8	 396	 28387	 30
8	 447	 30807	 22
7	 356	 25247	 18
2	 719	 27027	 25
6	 612	 34168	 19
6	 311	 14988	 13
7	 432	 27003	 27
11	 523	 37638	 40
4	 403	 30180	 26
6	 523	 27816	 26
2	 431	 13916	 17
9	 631	 35834	 27
3	 626	 14728	 13
0	 0	 4	 0
5	 563	 29044	 19
5	 369	 17181	 13
5	 372	 28450	 24
3	 496	 19074	 15
0	 426	 12625	 10
8	 643	 39448	 27
2	 196	 12382	 14
6	 262	 29214	 18
8	 441	 35374	 27
3	 389	 30903	 31
3	 210	 26091	 21
5	 692	 14454	 12
2	 230	 14093	 5
3	 330	 15574	 18
1	 159	 1385	 3
