A	 C	 G	 T
1	 0	 9990	 0
0	 0	 9174	 1
1	 0	 20285	 0
0	 0	 9946	 0
1	 0	 13309	 0
2	 1	 16545	 0
1	 0	 14410	 1
2	 0	 14804	 1
1	 0	 16613	 0
2	 0	 13971	 5
0	 0	 14084	 2
1	 0	 13640	 0
1	 0	 11028	 3
0	 0	 4320	 1
2	 0	 16153	 2
0	 0	 18240	 0
2	 0	 11073	 0
0	 0	 13849	 1
2	 0	 15946	 2
0	 0	 15606	 2
0	 0	 16936	 0
2	 0	 13546	 0
2	 1	 14458	 1
0	 0	 18534	 1
0	 0	 7985	 0
1	 0	 15010	 4
0	 0	 20530	 5
2	 0	 16333	 4
3	 0	 15295	 0
0	 1	 7406	 0
1	 0	 19489	 1
0	 0	 8110	 1
0	 0	 2	 0
2	 0	 15563	 1
0	 0	 9364	 0
2	 0	 15233	 0
3	 0	 10080	 1
0	 0	 6784	 0
3	 1	 21546	 1
1	 0	 6763	 0
2	 0	 15283	 1
1	 0	 19389	 1
0	 0	 16750	 1
1	 0	 14053	 4
0	 0	 7889	 0
0	 0	 7672	 0
0	 1	 8578	 1
0	 0	 689	 0
