A	 C	 G	 T
1	 0	 0	 18694
1	 4	 0	 16466
2	 2	 0	 38240
2	 1	 0	 18531
0	 2	 0	 24277
2	 2	 0	 30742
1	 3	 0	 26535
2	 0	 0	 27638
2	 1	 0	 30676
0	 0	 0	 25971
1	 1	 0	 25504
2	 0	 0	 25227
0	 2	 0	 19954
0	 0	 0	 7934
1	 1	 0	 29506
2	 2	 0	 33159
0	 1	 0	 19840
1	 0	 0	 25746
1	 3	 0	 28979
0	 0	 0	 28570
0	 1	 0	 31074
1	 0	 0	 25151
0	 2	 0	 27120
0	 1	 0	 34717
1	 2	 0	 14628
1	 0	 0	 27252
1	 0	 0	 38194
1	 0	 0	 30082
0	 0	 0	 27903
2	 0	 0	 13719
0	 2	 0	 35954
1	 0	 0	 14822
0	 0	 0	 4
4	 1	 0	 28865
0	 0	 0	 17405
3	 1	 0	 28361
1	 1	 0	 18726
1	 0	 0	 12514
1	 1	 0	 39451
2	 1	 0	 12709
0	 1	 0	 28316
2	 2	 0	 35635
1	 2	 0	 30747
2	 0	 0	 26310
1	 0	 0	 14630
1	 0	 0	 14046
1	 0	 0	 15705
0	 0	 0	 1261
