A	 C	 G	 T
3	 475	 5	 17671
2	 514	 4	 16693
3	 540	 8	 38532
2	 401	 1	 18372
5	 692	 3	 24528
2	 741	 5	 31119
0	 530	 8	 26092
1	 278	 5	 27385
4	 315	 7	 30433
1	 340	 7	 26329
2	 327	 7	 26744
0	 292	 3	 25039
3	 313	 5	 19522
2	 455	 1	 8063
4	 669	 7	 29972
2	 392	 9	 33360
3	 273	 4	 20671
5	 486	 6	 25096
4	 670	 6	 29035
1	 393	 8	 28699
7	 453	 5	 31141
3	 355	 5	 25542
2	 709	 10	 27330
1	 603	 8	 34499
0	 315	 3	 15164
0	 421	 6	 27327
6	 521	 8	 38081
2	 412	 11	 30548
3	 518	 4	 28124
3	 432	 2	 14052
2	 638	 14	 36227
0	 621	 1	 14864
0	 0	 0	 4
5	 560	 7	 29334
2	 368	 3	 17393
7	 364	 13	 28772
1	 507	 1	 19318
2	 411	 3	 12741
6	 640	 8	 39862
2	 200	 3	 12549
5	 268	 5	 29492
3	 431	 6	 35716
0	 392	 5	 31261
4	 210	 4	 26416
1	 696	 3	 14551
0	 220	 3	 14243
1	 326	 6	 15772
0	 148	 1	 1412
