A	 C	 G	 T
1	 1	 0	 16072
0	 3	 0	 15090
1	 2	 0	 35213
0	 0	 0	 16611
2	 2	 0	 22222
0	 3	 0	 28260
0	 2	 0	 23719
1	 0	 0	 25037
0	 0	 0	 27780
0	 1	 0	 23744
2	 1	 0	 24303
0	 1	 0	 22977
0	 1	 0	 17631
0	 0	 0	 7186
3	 0	 0	 27167
2	 1	 0	 30411
1	 3	 0	 18713
0	 1	 0	 22814
0	 2	 0	 26339
1	 1	 0	 26223
0	 1	 0	 28372
1	 0	 0	 23230
1	 2	 0	 24849
0	 1	 0	 31453
1	 2	 0	 13713
4	 1	 0	 24832
2	 3	 0	 34623
1	 1	 0	 27795
0	 2	 0	 25602
1	 0	 0	 12829
0	 2	 0	 32878
0	 2	 0	 13531
0	 0	 0	 4
2	 0	 0	 26542
0	 1	 0	 15767
1	 0	 0	 26258
0	 0	 0	 17463
0	 0	 0	 11520
1	 2	 0	 36143
1	 2	 0	 11454
0	 1	 0	 26795
3	 1	 0	 32473
2	 0	 0	 28437
0	 1	 0	 24001
0	 0	 0	 13181
0	 0	 0	 12981
0	 1	 0	 14356
0	 1	 0	 1201
