A	 C	 G	 T
0	 12	 0	 17503
0	 8	 0	 15810
0	 11	 0	 36443
0	 3	 0	 17589
0	 3	 0	 23206
0	 5	 0	 29608
0	 5	 0	 25349
0	 1	 0	 26225
0	 14	 0	 29206
0	 3	 0	 24730
0	 8	 0	 24383
0	 3	 0	 24054
0	 4	 0	 19049
0	 1	 0	 7525
0	 6	 0	 28156
0	 3	 0	 31733
0	 4	 0	 18978
0	 8	 0	 24610
0	 6	 0	 27927
0	 4	 0	 27360
0	 11	 0	 29542
0	 4	 0	 23961
0	 2	 0	 25417
0	 5	 0	 32820
0	 3	 0	 13933
1	 6	 0	 26102
0	 8	 0	 36497
1	 3	 0	 28692
0	 3	 0	 26656
0	 3	 0	 13109
0	 10	 0	 34104
0	 0	 0	 14129
0	 0	 0	 5
0	 5	 0	 27395
0	 1	 0	 16642
0	 3	 0	 27193
0	 1	 0	 17865
0	 0	 0	 11914
0	 11	 0	 37602
0	 1	 0	 12156
0	 5	 0	 26727
1	 11	 0	 33672
0	 4	 0	 29387
0	 3	 0	 25051
0	 2	 0	 13851
0	 2	 0	 13421
0	 4	 0	 15001
0	 1	 0	 1223
