A	 C	 G	 T
19450	 0	 0	 0
17198	 0	 0	 0
39700	 0	 0	 0
19278	 0	 0	 0
25264	 0	 0	 0
31951	 0	 0	 0
27602	 0	 0	 0
28774	 0	 0	 1
31921	 0	 0	 0
27014	 0	 0	 0
26565	 0	 0	 0
26151	 0	 0	 0
20791	 0	 0	 0
8250	 0	 0	 0
30700	 0	 0	 0
34550	 1	 0	 0
20673	 0	 0	 0
26772	 0	 0	 0
30046	 0	 0	 0
29716	 0	 0	 0
32321	 0	 0	 0
26190	 0	 0	 0
28142	 0	 0	 0
36070	 0	 0	 1
15261	 0	 0	 0
28335	 0	 0	 0
39677	 0	 0	 1
31350	 0	 0	 0
28953	 0	 0	 0
14251	 0	 0	 0
37414	 1	 0	 0
15429	 0	 0	 0
4	 0	 0	 0
30014	 0	 0	 0
18086	 0	 0	 0
29519	 0	 0	 1
19479	 0	 0	 0
13041	 0	 0	 0
41136	 0	 0	 0
13247	 0	 0	 0
29463	 0	 0	 0
37076	 0	 0	 0
31961	 0	 0	 0
27347	 0	 0	 0
15312	 1	 0	 0
14621	 0	 0	 0
16360	 0	 0	 0
1327	 0	 0	 0
