A	 C	 G	 T
17441	 1	 0	 0
15400	 1	 0	 1
35476	 3	 0	 4
17163	 0	 0	 1
22552	 1	 0	 1
28626	 4	 0	 1
24662	 2	 0	 2
25756	 3	 0	 1
28448	 4	 0	 0
24093	 1	 0	 1
23673	 4	 0	 1
23384	 1	 0	 0
18566	 2	 0	 1
7389	 0	 0	 0
27498	 3	 0	 0
30813	 0	 0	 0
18369	 0	 0	 0
23967	 1	 0	 1
26850	 1	 0	 1
26551	 7	 0	 1
29019	 7	 0	 1
23330	 1	 0	 0
25214	 1	 0	 1
32318	 3	 0	 1
13631	 1	 0	 0
25360	 2	 0	 1
35462	 3	 0	 1
28046	 1	 0	 2
25812	 2	 0	 0
12724	 2	 0	 0
33500	 4	 0	 2
13812	 1	 0	 1
3	 0	 0	 0
26806	 0	 0	 1
16191	 0	 0	 1
26247	 3	 0	 0
17442	 3	 0	 1
11626	 1	 0	 0
36877	 1	 0	 3
11833	 2	 0	 0
26203	 2	 0	 0
33185	 1	 0	 0
28719	 2	 0	 1
24312	 3	 0	 0
13648	 0	 0	 0
13099	 0	 0	 0
14544	 2	 0	 0
1186	 0	 0	 0
