A	 C	 G	 T
0	 5	 15	 23708
0	 4	 13	 20310
0	 10	 17	 38443
0	 2	 15	 22928
1	 5	 25	 29904
0	 8	 34	 36773
1	 8	 24	 30755
1	 5	 27	 29430
2	 8	 25	 32008
2	 10	 22	 28823
2	 6	 28	 26648
0	 5	 27	 26448
1	 6	 21	 21254
0	 3	 13	 12759
0	 5	 18	 35434
1	 4	 17	 35035
2	 7	 20	 21586
0	 7	 28	 29528
0	 9	 25	 32917
2	 2	 26	 31039
1	 8	 23	 34464
0	 5	 25	 26241
0	 7	 25	 33883
0	 13	 24	 39240
0	 6	 13	 16716
1	 5	 27	 29987
1	 12	 34	 41207
1	 9	 35	 31964
1	 3	 19	 31305
0	 5	 10	 16797
1	 15	 36	 41341
0	 5	 25	 30502
0	 0	 0	 12
0	 8	 24	 33035
0	 2	 19	 20986
1	 3	 44	 29468
0	 6	 19	 22966
0	 2	 15	 16536
2	 8	 36	 45092
0	 2	 10	 14558
0	 5	 26	 30964
0	 10	 25	 37779
0	 4	 21	 31981
0	 9	 21	 26101
0	 2	 9	 21737
0	 3	 15	 15839
0	 1	 17	 18347
0	 2	 1	 2268
