A	 C	 G	 T
0	 19571	 0	 2
1	 17301	 1	 1
12	 39875	 0	 2
0	 19367	 0	 2
0	 25419	 0	 3
1	 32408	 1	 1
1	 27693	 0	 4
4	 28950	 0	 1
2	 32112	 0	 4
0	 27141	 0	 0
0	 26718	 0	 1
0	 26356	 0	 2
1	 20894	 0	 0
0	 8278	 0	 0
2	 30899	 0	 2
1	 34713	 0	 1
0	 20856	 0	 7
1	 26955	 0	 1
2	 30328	 0	 2
0	 29821	 0	 6
1	 32463	 0	 1
5	 26247	 0	 0
1	 28274	 0	 2
1	 36220	 0	 1
1	 15347	 0	 2
1	 28566	 0	 2
6	 40100	 0	 2
1	 31476	 0	 2
2	 29180	 1	 2
0	 14351	 0	 1
1	 37671	 0	 1
0	 15496	 0	 0
0	 4	 0	 0
0	 30057	 0	 3
0	 18171	 0	 1
1	 29697	 0	 0
1	 19643	 0	 1
0	 13101	 0	 1
3	 41351	 0	 2
0	 13274	 0	 0
2	 29669	 1	 2
2	 37273	 0	 5
0	 32142	 0	 2
2	 27426	 0	 1
0	 15318	 0	 0
0	 14715	 0	 1
3	 16488	 0	 0
0	 1332	 0	 0
