A	 C	 G	 T
2	 1	 0	 18491
0	 1	 0	 16363
2	 4	 0	 37670
1	 0	 0	 18240
0	 3	 0	 23929
1	 2	 0	 30356
0	 1	 0	 26195
3	 0	 0	 27321
1	 1	 0	 30291
0	 2	 0	 25614
1	 0	 0	 25171
3	 0	 0	 24856
1	 1	 0	 19748
0	 0	 0	 7832
0	 2	 0	 29182
1	 0	 0	 32746
0	 0	 0	 19520
2	 2	 0	 25465
0	 1	 0	 28596
2	 1	 0	 28254
2	 0	 0	 30754
2	 0	 0	 24809
1	 1	 0	 26795
0	 2	 0	 34305
1	 3	 0	 14446
0	 1	 0	 26961
1	 1	 0	 37628
2	 2	 0	 29775
0	 1	 0	 27489
1	 0	 0	 13540
2	 3	 0	 35533
0	 0	 0	 14671
0	 0	 0	 4
0	 0	 0	 28500
0	 0	 0	 17184
2	 2	 0	 27988
2	 1	 0	 18511
0	 0	 0	 12384
2	 7	 0	 39080
2	 0	 0	 12555
1	 0	 0	 27903
2	 3	 0	 35247
1	 2	 0	 30422
1	 1	 0	 25923
2	 1	 0	 14515
1	 0	 0	 13887
1	 0	 0	 15529
0	 0	 0	 1264
