A	 C	 G	 T
1	 17600	 0	 5
0	 15612	 0	 0
2	 35661	 0	 1
1	 17252	 0	 1
1	 22861	 0	 1
2	 28970	 0	 6
0	 24813	 0	 4
2	 25920	 0	 1
2	 28797	 0	 1
1	 24374	 1	 7
1	 23841	 1	 2
1	 23679	 0	 3
3	 18720	 0	 4
1	 7412	 0	 1
1	 27656	 0	 3
0	 30945	 1	 1
0	 18456	 0	 3
1	 24255	 1	 3
2	 27123	 0	 4
2	 26811	 0	 4
1	 29035	 1	 2
3	 23584	 0	 3
1	 25261	 0	 1
2	 32280	 0	 4
1	 13690	 1	 1
0	 25735	 0	 4
7	 35814	 0	 7
1	 28303	 1	 7
0	 26005	 0	 2
3	 12862	 0	 4
2	 33846	 0	 5
1	 13912	 0	 0
0	 5	 0	 0
5	 26979	 1	 2
1	 16325	 0	 1
0	 26498	 0	 7
1	 17539	 0	 5
0	 11677	 0	 1
1	 37054	 0	 6
2	 12042	 1	 2
2	 26494	 1	 4
3	 33308	 0	 8
1	 28880	 0	 5
1	 24509	 0	 1
1	 13778	 0	 2
0	 13124	 0	 2
1	 14722	 0	 1
0	 1201	 0	 1
