A	 C	 G	 T
6	 1	 17708	 5
4	 1	 15668	 1
7	 1	 35791	 1
2	 1	 17333	 1
2	 0	 22954	 0
7	 0	 29088	 1
4	 1	 24909	 1
6	 1	 26092	 0
8	 0	 28897	 6
4	 0	 24509	 1
8	 0	 23932	 1
7	 0	 23760	 0
3	 0	 18795	 0
0	 0	 7455	 0
3	 0	 27797	 2
5	 1	 31038	 2
6	 1	 18530	 2
3	 2	 24335	 0
8	 0	 27246	 1
6	 1	 26901	 0
3	 2	 29172	 0
7	 0	 23654	 6
5	 1	 25411	 2
4	 1	 32424	 1
4	 0	 13735	 0
1	 2	 25874	 0
14	 0	 35931	 1
5	 0	 28391	 0
5	 0	 26140	 1
3	 0	 12917	 0
5	 3	 33990	 0
2	 0	 13978	 0
0	 0	 5	 0
8	 2	 27081	 1
0	 1	 16395	 0
4	 4	 26619	 0
3	 2	 17604	 0
5	 2	 11709	 0
6	 4	 37200	 1
4	 0	 12090	 0
4	 2	 26636	 0
10	 0	 33480	 0
6	 2	 28975	 0
4	 1	 24593	 1
3	 0	 13838	 1
2	 3	 13164	 0
3	 1	 14804	 0
0	 0	 1203	 0
