A	 C	 G	 T
0	 0	 19968	 0
3	 0	 17602	 1
6	 1	 40520	 2
3	 0	 19695	 3
7	 0	 25829	 0
3	 0	 32909	 4
0	 1	 28235	 0
4	 0	 29426	 3
4	 0	 32689	 3
0	 0	 27628	 2
4	 0	 27131	 0
4	 0	 26678	 2
1	 1	 21299	 1
0	 0	 8427	 1
2	 0	 31402	 1
4	 1	 35245	 0
4	 0	 21216	 1
6	 0	 27296	 2
3	 0	 30804	 2
4	 1	 30381	 3
8	 1	 32992	 1
5	 1	 26729	 1
3	 2	 28778	 0
7	 0	 36860	 3
2	 1	 15635	 0
2	 0	 29008	 1
3	 1	 40673	 2
2	 0	 32062	 1
2	 0	 29638	 1
0	 0	 14645	 0
5	 1	 38377	 1
2	 0	 15762	 0
0	 0	 5	 0
4	 0	 30662	 1
4	 0	 18469	 0
5	 1	 30110	 3
4	 0	 19918	 0
1	 0	 13318	 2
5	 0	 42109	 3
1	 0	 13492	 2
2	 0	 30227	 1
7	 1	 37931	 1
1	 1	 32698	 2
3	 0	 27932	 1
5	 0	 15661	 2
5	 0	 14926	 1
3	 0	 16720	 1
0	 0	 1363	 0
