A	 C	 G	 T
3	 1	 20200	 1
5	 3	 17238	 1
6	 6	 33024	 1
3	 4	 18947	 0
16	 5	 25705	 3
9	 9	 30796	 3
11	 3	 25777	 4
4	 6	 24759	 0
6	 6	 25957	 1
4	 0	 24009	 2
5	 1	 21997	 5
6	 3	 21927	 0
7	 2	 16194	 1
5	 2	 10404	 0
10	 6	 30655	 1
8	 3	 29500	 3
7	 3	 17930	 2
13	 9	 24808	 3
11	 2	 27456	 2
4	 4	 25880	 3
9	 7	 29025	 2
5	 0	 21795	 2
16	 9	 29638	 3
9	 10	 32810	 4
2	 1	 14193	 3
6	 2	 24791	 1
7	 3	 33342	 1
9	 3	 26971	 5
6	 12	 26568	 2
6	 3	 13935	 1
11	 9	 34682	 0
23	 6	 26954	 0
0	 0	 11	 0
9	 8	 27530	 3
6	 3	 17175	 0
8	 4	 24231	 1
7	 4	 18790	 0
4	 4	 14597	 1
13	 10	 38554	 5
5	 8	 12103	 1
8	 1	 25612	 2
3	 4	 31323	 2
7	 1	 26279	 1
3	 2	 21519	 2
4	 4	 17933	 3
4	 0	 12812	 1
2	 1	 15384	 1
6	 2	 1781	 0
