A	 C	 G	 T
2	 1	 0	 16651
0	 4	 0	 15748
1	 8	 0	 36629
0	 2	 0	 17199
0	 4	 0	 23126
2	 2	 0	 29417
1	 4	 0	 24373
2	 1	 0	 26034
0	 8	 0	 28660
3	 1	 0	 24853
0	 6	 0	 25435
0	 3	 0	 23735
1	 3	 0	 18377
0	 0	 0	 7477
0	 7	 0	 28331
0	 8	 0	 31579
0	 4	 0	 19495
0	 3	 0	 23725
0	 6	 0	 27487
3	 3	 1	 27173
3	 4	 0	 29529
4	 1	 0	 24193
2	 2	 0	 25907
3	 5	 0	 32818
0	 3	 0	 14295
1	 4	 0	 25967
2	 1	 0	 36093
4	 2	 0	 28995
1	 5	 0	 26613
0	 2	 0	 13395
3	 4	 1	 34275
0	 1	 0	 14122
0	 0	 0	 5
1	 3	 0	 27574
2	 1	 1	 16463
0	 0	 0	 27222
0	 3	 0	 18154
0	 2	 0	 12024
1	 7	 0	 37637
0	 1	 0	 11876
1	 7	 0	 27927
2	 8	 0	 33685
3	 9	 0	 29664
0	 1	 0	 25062
0	 3	 0	 13495
1	 1	 0	 13501
0	 1	 0	 14918
0	 0	 0	 1239
