A	 C	 G	 T
3	 13	 12	 26237
0	 22	 11	 24892
2	 25	 19	 49507
2	 14	 12	 26941
1	 22	 14	 37127
2	 22	 34	 44090
0	 20	 14	 37124
3	 16	 9	 34637
1	 16	 26	 38736
1	 18	 13	 34026
2	 21	 11	 33826
1	 18	 17	 31920
1	 11	 8	 25225
1	 13	 4	 15891
1	 24	 18	 42918
3	 14	 17	 42652
0	 20	 16	 26683
3	 16	 22	 34807
3	 17	 18	 40728
4	 19	 22	 37709
1	 20	 16	 41001
6	 18	 23	 32586
3	 24	 14	 41742
2	 22	 25	 46779
1	 15	 4	 20739
3	 17	 20	 35790
2	 27	 27	 50048
1	 22	 16	 39319
3	 20	 23	 37995
1	 12	 9	 21481
5	 23	 17	 48261
3	 10	 16	 38001
0	 0	 0	 14
2	 29	 23	 40350
1	 9	 8	 24906
2	 15	 28	 36746
0	 15	 13	 28593
0	 12	 8	 20678
3	 34	 29	 54466
2	 12	 6	 17154
2	 21	 19	 37281
6	 23	 26	 44309
3	 24	 26	 39982
2	 17	 19	 32550
2	 16	 8	 27680
0	 7	 7	 19317
1	 8	 8	 21746
0	 6	 0	 3716
