A	 C	 G	 T
2	 16813	 0	 1
0	 15875	 0	 1
4	 36985	 0	 0
0	 17584	 1	 1
1	 23255	 0	 1
0	 29683	 0	 2
0	 25060	 0	 0
1	 26353	 0	 2
2	 29288	 0	 0
0	 25026	 0	 1
2	 25613	 2	 1
1	 24070	 0	 2
1	 18557	 0	 2
0	 7576	 0	 0
1	 28590	 0	 3
1	 31953	 1	 0
0	 19689	 0	 2
0	 23938	 0	 0
0	 27737	 0	 0
2	 27571	 0	 2
0	 29762	 0	 2
0	 24404	 0	 1
0	 26123	 0	 0
2	 33048	 2	 1
0	 14473	 0	 1
0	 26196	 0	 5
0	 36314	 0	 2
1	 29349	 0	 0
0	 26836	 0	 3
1	 13545	 0	 0
7	 34616	 0	 2
0	 14203	 0	 0
0	 5	 0	 0
1	 28000	 2	 2
0	 16625	 1	 1
2	 27639	 1	 1
0	 18370	 1	 1
0	 12137	 0	 1
1	 37987	 1	 2
1	 12053	 0	 0
0	 28162	 1	 2
7	 34146	 1	 2
0	 29922	 0	 3
0	 25258	 0	 3
0	 13889	 0	 1
0	 13604	 0	 0
0	 15060	 0	 0
0	 1274	 0	 0
