A	 C	 G	 T
18127	 0	 3	 0
17121	 1	 2	 1
39779	 1	 7	 1
18833	 0	 1	 0
25063	 0	 3	 1
31915	 0	 7	 0
26932	 0	 7	 2
28215	 0	 2	 4
31443	 0	 7	 2
27062	 0	 3	 1
27487	 0	 3	 4
25823	 1	 0	 2
19966	 0	 5	 0
8152	 0	 0	 0
30694	 1	 8	 2
34250	 0	 4	 2
21212	 0	 4	 0
25880	 0	 6	 3
29857	 0	 8	 1
29488	 0	 5	 1
32115	 0	 8	 1
26303	 0	 3	 0
28157	 0	 2	 1
35623	 0	 3	 2
15528	 0	 2	 0
28184	 0	 9	 0
39104	 0	 5	 3
31398	 0	 4	 1
28887	 0	 0	 1
14435	 0	 3	 1
37322	 1	 8	 2
15269	 0	 2	 0
4	 0	 0	 0
29986	 0	 7	 1
17899	 0	 1	 0
29598	 0	 5	 1
19693	 0	 5	 1
13022	 0	 0	 0
40985	 0	 8	 0
12978	 0	 1	 0
30394	 1	 6	 1
36693	 0	 9	 1
32209	 0	 6	 0
27236	 0	 1	 1
14880	 0	 2	 0
14610	 0	 2	 0
16191	 0	 3	 0
1350	 0	 0	 0
