A	 C	 G	 T
1	 0	 3722	 0
2	 0	 2757	 0
3	 1	 6352	 2
1	 0	 3266	 1
1	 2	 4317	 0
4	 1	 5458	 0
5	 2	 4545	 1
0	 1	 4886	 1
4	 0	 5145	 0
1	 0	 4524	 1
4	 0	 4254	 0
4	 1	 4290	 3
2	 0	 3531	 0
1	 0	 1367	 1
4	 0	 5081	 1
4	 1	 5708	 0
2	 0	 3519	 1
2	 0	 4598	 1
2	 0	 4845	 1
1	 0	 4576	 1
0	 0	 6028	 0
1	 0	 4199	 1
4	 1	 5527	 0
5	 0	 6075	 1
2	 0	 2577	 1
2	 3	 5055	 0
4	 0	 7127	 0
4	 1	 4999	 1
1	 0	 4887	 0
1	 0	 2280	 0
3	 0	 6485	 0
0	 0	 2379	 1
0	 0	 3	 0
2	 0	 4706	 0
1	 0	 2986	 0
1	 1	 4885	 0
0	 0	 3245	 2
0	 0	 2083	 0
6	 1	 6583	 4
1	 0	 2265	 0
3	 0	 5157	 1
7	 1	 6373	 1
3	 0	 5128	 0
4	 0	 4706	 0
0	 0	 2608	 2
2	 0	 2472	 0
2	 0	 2751	 5
0	 0	 195	 0
