A	 C	 G	 T
1	 1	 0	 15330
0	 4	 0	 14564
1	 0	 0	 33827
0	 2	 0	 15773
1	 0	 0	 21264
0	 4	 0	 27355
1	 2	 0	 22347
0	 1	 0	 24019
0	 2	 0	 26301
0	 1	 0	 22968
0	 4	 0	 23164
0	 1	 0	 21885
0	 2	 0	 16925
0	 0	 0	 6895
0	 4	 0	 26156
0	 0	 0	 29189
1	 3	 0	 17857
0	 2	 0	 21949
1	 0	 0	 25396
1	 2	 0	 25205
1	 1	 2	 27257
1	 1	 0	 22275
0	 1	 0	 23835
1	 3	 0	 30262
0	 1	 0	 13143
0	 7	 0	 24071
0	 4	 0	 33286
0	 5	 0	 26814
0	 2	 0	 24608
0	 1	 0	 12245
0	 2	 0	 31439
0	 0	 0	 13047
0	 0	 0	 5
0	 4	 0	 25479
0	 3	 1	 15330
0	 1	 0	 25219
0	 0	 0	 16694
0	 0	 0	 11059
0	 2	 0	 34784
0	 0	 0	 11063
0	 2	 0	 25703
0	 4	 0	 31042
0	 2	 0	 27178
1	 0	 0	 23053
1	 0	 0	 12379
0	 1	 0	 12409
0	 1	 1	 13766
0	 0	 0	 1158
