A	 C	 G	 T
1	 0	 16758	 0
1	 0	 15855	 2
4	 0	 36933	 4
1	 1	 17446	 1
1	 1	 23261	 2
0	 0	 29702	 0
2	 0	 24839	 2
2	 1	 26273	 6
1	 0	 29113	 2
4	 2	 25033	 3
2	 2	 25586	 3
1	 2	 23929	 2
2	 0	 18544	 3
1	 1	 7555	 0
1	 0	 28575	 8
2	 1	 31818	 2
1	 0	 19661	 0
1	 0	 23921	 2
4	 1	 27700	 2
0	 1	 27466	 3
0	 0	 29805	 3
6	 1	 24332	 0
4	 1	 26026	 0
6	 0	 33002	 1
0	 0	 14409	 0
2	 0	 26160	 3
0	 1	 36381	 6
1	 0	 29194	 4
3	 0	 26773	 4
0	 0	 13417	 1
6	 2	 34485	 1
0	 0	 14190	 2
0	 0	 4	 0
2	 0	 27867	 1
2	 0	 16636	 2
1	 0	 27534	 2
0	 0	 18293	 0
4	 0	 12105	 2
1	 0	 37891	 5
0	 0	 12002	 3
5	 2	 28125	 0
5	 0	 34099	 3
2	 1	 29856	 2
1	 1	 25195	 4
2	 0	 13774	 2
1	 0	 13608	 2
0	 0	 15013	 2
1	 0	 1265	 0
