A	 C	 G	 T
0	 0	 0	 15858
0	 2	 0	 14998
2	 5	 0	 34857
0	 1	 0	 16369
0	 5	 1	 21882
3	 3	 0	 28058
1	 4	 0	 22920
0	 4	 0	 24744
0	 3	 0	 26949
0	 2	 0	 23594
1	 3	 0	 23935
0	 1	 1	 22642
1	 5	 0	 17414
1	 0	 0	 7137
0	 5	 0	 26936
3	 3	 0	 30130
0	 3	 0	 18367
1	 2	 0	 22552
1	 5	 0	 26106
0	 2	 0	 25822
2	 1	 0	 28070
0	 0	 0	 22951
2	 3	 1	 24630
1	 1	 0	 31183
0	 1	 0	 13524
0	 5	 0	 24791
1	 8	 0	 34164
0	 4	 0	 27520
0	 1	 0	 25327
1	 1	 0	 12539
0	 4	 0	 32411
0	 1	 0	 13455
0	 0	 0	 3
0	 0	 0	 26196
2	 0	 0	 15731
0	 1	 1	 25916
0	 3	 0	 17228
0	 3	 0	 11420
2	 5	 1	 35734
1	 0	 0	 11374
1	 3	 0	 26384
0	 1	 0	 32079
4	 1	 0	 28008
0	 0	 0	 23666
0	 1	 0	 12748
0	 0	 0	 12834
1	 2	 0	 14149
1	 0	 0	 1178
