A	 C	 G	 T
0	 16752	 0	 0
0	 15835	 0	 1
2	 36883	 0	 1
1	 17534	 0	 2
2	 23207	 0	 66
0	 29640	 0	 3
1	 24950	 0	 0
4	 26252	 0	 1
0	 29146	 0	 0
1	 24981	 1	 2
1	 25519	 0	 65
0	 24007	 0	 1
2	 18508	 1	 2
1	 7548	 0	 1
0	 28508	 0	 0
0	 31838	 1	 2
2	 19615	 0	 0
0	 23887	 1	 3
0	 27668	 0	 0
1	 27477	 0	 2
0	 29691	 0	 65
0	 24334	 0	 2
0	 26038	 1	 2
1	 32971	 0	 2
2	 14422	 0	 0
0	 26139	 0	 1
1	 36212	 0	 94
0	 29273	 0	 2
1	 26792	 0	 1
0	 13506	 0	 0
0	 34522	 1	 1
0	 14169	 1	 1
0	 5	 0	 0
2	 27874	 0	 1
0	 16577	 0	 0
0	 27566	 1	 0
1	 18310	 0	 1
0	 12102	 0	 20
5	 37881	 0	 1
0	 11998	 0	 1
3	 28079	 0	 2
0	 34057	 0	 2
1	 29814	 0	 1
1	 25160	 0	 56
0	 13842	 0	 1
1	 13582	 0	 1
2	 15015	 0	 1
0	 1272	 0	 0
