A	 C	 G	 T
0	 17944	 0	 0
1	 15740	 0	 0
5	 36236	 1	 4
0	 17624	 0	 0
2	 23125	 0	 2
1	 29390	 0	 0
2	 25265	 0	 0
1	 26359	 0	 1
1	 29095	 0	 0
0	 24763	 0	 0
3	 24246	 0	 0
2	 23933	 0	 0
1	 19003	 0	 1
1	 7589	 0	 0
0	 28148	 0	 0
1	 31468	 0	 0
1	 18843	 1	 1
0	 24611	 0	 0
0	 27594	 1	 0
0	 27368	 1	 0
1	 29652	 0	 1
0	 23903	 0	 0
4	 25877	 0	 0
2	 33055	 0	 1
1	 13830	 0	 2
1	 26021	 1	 1
1	 36364	 0	 2
1	 28326	 0	 3
0	 26514	 0	 1
0	 12964	 0	 1
2	 34206	 0	 1
0	 14138	 0	 0
0	 5	 0	 0
0	 27552	 0	 0
1	 16742	 0	 1
0	 26893	 0	 0
1	 17884	 0	 1
1	 11860	 0	 0
2	 37727	 0	 3
0	 12161	 0	 1
3	 26967	 0	 0
1	 33919	 0	 1
4	 29193	 0	 5
1	 25055	 0	 0
3	 13929	 0	 0
0	 13321	 0	 1
1	 14989	 0	 0
0	 1207	 0	 1
