A	 C	 G	 T
11	 4	 24709	 11
4	 2	 21758	 13
14	 8	 43128	 18
4	 5	 23934	 15
8	 2	 31968	 19
13	 8	 38761	 28
26	 4	 32738	 18
12	 3	 31144	 25
11	 3	 34419	 15
10	 4	 30371	 21
9	 6	 29011	 27
6	 0	 28555	 23
7	 3	 23148	 16
7	 4	 13352	 9
9	 9	 37614	 25
7	 7	 37915	 25
2	 4	 23221	 11
8	 7	 31423	 27
11	 5	 35932	 22
6	 4	 33414	 18
12	 11	 36384	 30
8	 7	 28291	 20
9	 4	 36113	 38
11	 2	 41643	 25
5	 2	 18006	 16
5	 5	 31995	 30
13	 3	 44170	 37
5	 6	 34664	 32
10	 8	 33452	 25
5	 7	 18139	 13
9	 8	 43082	 31
3	 4	 31924	 20
1	 0	 12	 0
7	 5	 35128	 21
6	 3	 22024	 18
5	 3	 32494	 37
7	 4	 24517	 15
9	 2	 17520	 16
13	 7	 47979	 36
2	 3	 15373	 8
5	 5	 32489	 24
14	 3	 39932	 21
12	 12	 35024	 21
10	 2	 28709	 21
8	 4	 23227	 15
3	 2	 17029	 11
6	 3	 19319	 9
3	 1	 2694	 1
