A	 C	 G	 T
2	 1	 23445	 7
1	 0	 20936	 11
1	 0	 41763	 28
3	 0	 22882	 13
3	 0	 30773	 21
4	 0	 36743	 18
2	 0	 31343	 16
1	 1	 29925	 20
2	 1	 32528	 24
1	 0	 28844	 14
0	 3	 27334	 17
4	 0	 27042	 24
2	 1	 22147	 12
1	 0	 12778	 5
2	 0	 35952	 17
1	 2	 36255	 21
2	 1	 21754	 10
5	 0	 30272	 8
2	 2	 34144	 25
4	 0	 32087	 20
2	 1	 35096	 20
1	 1	 27149	 15
2	 0	 34830	 26
6	 1	 39637	 29
0	 0	 17036	 11
3	 1	 30417	 22
6	 1	 42036	 37
2	 1	 33065	 32
1	 2	 31706	 23
5	 1	 17502	 11
1	 0	 40747	 26
2	 1	 31801	 17
0	 0	 15	 0
3	 0	 33425	 25
3	 1	 20842	 15
2	 0	 30836	 23
1	 2	 23502	 17
0	 0	 16833	 11
4	 1	 45827	 26
3	 0	 14835	 5
2	 0	 30719	 17
3	 1	 37668	 24
1	 1	 33302	 21
4	 1	 27563	 23
1	 1	 22812	 11
3	 1	 15973	 9
0	 0	 18367	 17
0	 0	 2751	 1
