A	 C	 G	 T
1	 1	 0	 16911
0	 3	 0	 15984
0	 3	 1	 37223
0	 2	 0	 17688
1	 0	 0	 23489
1	 3	 0	 29881
1	 0	 0	 25167
0	 2	 0	 26513
0	 2	 0	 29432
1	 1	 0	 25251
2	 3	 0	 25858
0	 0	 0	 24202
0	 1	 0	 18709
1	 0	 0	 7620
1	 3	 0	 28821
1	 1	 0	 32121
0	 2	 0	 19838
0	 4	 0	 24127
1	 4	 0	 27940
1	 3	 0	 27682
2	 4	 0	 30019
0	 0	 0	 24572
0	 3	 0	 26317
2	 5	 0	 33283
4	 0	 0	 14564
0	 1	 0	 26413
2	 2	 0	 36662
0	 2	 0	 29505
0	 2	 0	 27062
0	 1	 0	 13596
3	 4	 0	 34854
2	 1	 0	 14320
0	 0	 0	 5
1	 2	 0	 28143
0	 2	 0	 16753
2	 4	 0	 27791
0	 3	 0	 18470
1	 0	 0	 12213
0	 3	 0	 38293
0	 0	 0	 12084
0	 7	 0	 28377
0	 6	 0	 34388
5	 2	 6	 30143
1	 0	 0	 25468
1	 1	 0	 13928
1	 0	 1	 13708
2	 0	 0	 15167
1	 0	 0	 1270
