A	 C	 G	 T
2	 2	 14315	 4
5	 1	 11411	 4
5	 2	 23540	 3
1	 1	 14044	 1
6	 0	 16359	 3
8	 3	 23841	 3
6	 1	 18705	 5
4	 1	 20790	 4
3	 1	 22418	 4
3	 1	 20279	 3
7	 0	 16243	 3
2	 1	 16067	 5
6	 1	 13281	 7
0	 0	 5705	 2
5	 0	 21627	 0
1	 3	 21548	 4
3	 1	 13547	 3
3	 1	 18369	 6
4	 1	 18012	 7
2	 2	 20014	 3
6	 1	 23861	 2
3	 0	 17206	 3
6	 0	 19186	 1
5	 1	 25770	 1
1	 2	 10149	 5
5	 0	 19935	 2
3	 0	 26588	 10
5	 0	 20345	 3
5	 1	 19659	 7
4	 0	 8032	 3
4	 0	 27676	 4
0	 0	 10348	 1
0	 0	 3	 0
3	 2	 20390	 4
4	 1	 13152	 2
5	 1	 14525	 3
3	 0	 12972	 2
1	 1	 8641	 1
9	 1	 28408	 6
2	 0	 9831	 5
4	 0	 21792	 4
2	 0	 27224	 13
8	 0	 18959	 2
4	 1	 17302	 4
0	 0	 10353	 6
1	 0	 9753	 6
2	 2	 11526	 2
0	 0	 780	 0
