A	 C	 G	 T
0	 4	 0	 16742
0	 3	 0	 15814
4	 14	 1	 36856
0	 3	 0	 17538
2	 13	 0	 23273
2	 12	 0	 29614
1	 5	 0	 24918
2	 5	 1	 26239
3	 13	 0	 29122
1	 17	 0	 24950
1	 10	 0	 25548
2	 1	 0	 23995
0	 14	 0	 18482
0	 0	 0	 7538
0	 5	 1	 28484
0	 7	 0	 31797
1	 8	 0	 19595
2	 10	 0	 23889
1	 11	 0	 27676
0	 3	 1	 27460
1	 7	 1	 29769
0	 10	 0	 24341
0	 6	 1	 26046
0	 3	 0	 32984
0	 4	 0	 14396
0	 11	 1	 26127
1	 8	 0	 36282
0	 8	 1	 29247
2	 8	 0	 26804
0	 3	 0	 13494
0	 13	 1	 34521
1	 6	 0	 14153
0	 0	 0	 4
2	 3	 0	 27862
0	 6	 0	 16576
0	 4	 0	 27544
0	 8	 0	 18305
0	 3	 0	 12125
2	 11	 0	 37885
0	 0	 0	 11995
1	 11	 0	 28116
0	 10	 0	 34030
0	 9	 0	 29789
0	 10	 1	 25188
0	 6	 0	 13833
0	 5	 1	 13567
0	 7	 0	 14994
0	 1	 0	 1271
