A	 C	 G	 T
0	 3	 0	 16670
0	 3	 0	 15850
1	 8	 0	 36859
1	 0	 0	 17457
1	 5	 0	 23232
4	 4	 0	 29636
3	 4	 0	 24866
0	 2	 2	 26231
3	 3	 0	 29024
0	 1	 1	 24975
1	 7	 0	 25536
1	 2	 0	 23934
0	 1	 0	 18500
0	 1	 0	 7548
2	 2	 1	 28508
1	 2	 0	 31778
2	 2	 0	 19602
0	 2	 1	 23889
0	 3	 0	 27655
3	 5	 0	 27427
1	 6	 0	 29736
0	 2	 0	 24299
1	 1	 1	 26038
0	 1	 1	 32978
1	 2	 0	 14418
3	 2	 0	 26147
0	 4	 0	 36305
2	 4	 1	 29158
0	 1	 2	 26780
1	 4	 0	 13475
1	 2	 0	 34452
0	 1	 0	 14154
0	 0	 0	 4
0	 4	 0	 27828
2	 1	 0	 16611
0	 0	 0	 27553
0	 6	 0	 18239
2	 3	 0	 12084
2	 4	 1	 37855
1	 1	 0	 11930
0	 5	 0	 28078
1	 5	 0	 34033
1	 3	 1	 29829
1	 0	 1	 25180
1	 1	 0	 13717
1	 1	 0	 13562
0	 3	 0	 14992
0	 0	 0	 1251
