A	 C	 G	 T
0	 9	 0	 24158
0	 6	 1	 21637
0	 4	 0	 42870
0	 2	 0	 23647
1	 5	 1	 31734
0	 7	 0	 37859
0	 4	 1	 32372
1	 0	 0	 30667
0	 7	 2	 33422
1	 3	 1	 29609
2	 1	 1	 27983
1	 3	 1	 27679
0	 7	 1	 22700
1	 0	 2	 13301
1	 7	 2	 37021
0	 3	 1	 37245
1	 4	 0	 22268
0	 5	 1	 31115
0	 5	 1	 35123
0	 2	 0	 32919
0	 11	 0	 36016
0	 4	 0	 27927
1	 5	 0	 35978
1	 5	 0	 40840
0	 2	 0	 17472
2	 2	 0	 31322
0	 4	 2	 43287
1	 6	 0	 34000
0	 4	 0	 32536
0	 9	 1	 18056
0	 11	 1	 41887
0	 5	 0	 33157
0	 0	 0	 15
0	 1	 0	 34445
0	 4	 1	 21401
0	 3	 0	 31639
0	 5	 0	 24225
0	 2	 0	 17422
0	 4	 1	 47257
0	 2	 0	 15276
0	 5	 0	 31492
0	 6	 2	 38544
0	 6	 0	 34153
0	 2	 0	 28285
3	 1	 1	 23723
1	 1	 0	 16440
0	 4	 0	 18886
0	 2	 0	 2882
