A	 C	 G	 T
146	 0	 0	 0
25	 0	 1	 0
44	 0	 0	 0
127	 0	 0	 0
37	 0	 0	 0
207	 0	 0	 0
70	 0	 0	 0
113	 0	 0	 0
28	 0	 0	 0
201	 0	 1	 0
19	 0	 0	 0
40	 0	 0	 0
31	 0	 0	 0
11	 0	 0	 0
45	 0	 0	 0
26	 0	 0	 0
32	 0	 1	 0
56	 0	 0	 0
43	 0	 0	 0
77	 0	 0	 0
157	 0	 0	 0
54	 0	 0	 0
90	 0	 0	 0
155	 0	 0	 0
36	 0	 1	 0
120	 0	 0	 0
142	 0	 0	 0
70	 0	 0	 0
36	 0	 0	 0
19	 0	 1	 0
132	 0	 1	 0
29	 0	 0	 0
0	 0	 0	 0
80	 0	 0	 0
183	 0	 0	 0
26	 0	 1	 0
62	 0	 0	 0
17	 0	 0	 0
97	 0	 0	 0
39	 0	 0	 0
133	 0	 0	 0
198	 0	 1	 0
31	 0	 0	 0
77	 0	 0	 0
31	 0	 0	 0
14	 0	 0	 0
31	 0	 0	 0
3	 0	 0	 0
