A	 C	 G	 T
1	 1	 1	 15958
0	 3	 0	 15130
0	 7	 0	 35148
0	 1	 1	 16652
0	 2	 1	 22106
2	 4	 0	 28254
1	 2	 1	 23663
3	 0	 0	 24994
2	 5	 0	 27728
0	 4	 0	 23776
0	 4	 0	 24177
1	 1	 0	 22895
1	 6	 0	 17553
0	 0	 0	 7214
0	 6	 0	 27158
0	 1	 0	 30372
0	 8	 1	 18580
0	 7	 0	 22781
1	 7	 0	 26379
0	 1	 0	 26094
1	 2	 0	 28314
1	 3	 0	 23167
1	 3	 0	 24825
0	 5	 0	 31409
0	 0	 0	 13671
2	 4	 1	 25012
1	 4	 0	 34474
0	 3	 0	 27763
0	 2	 0	 25601
0	 2	 0	 12698
1	 4	 0	 32720
1	 0	 0	 13577
0	 0	 0	 3
0	 2	 0	 26432
0	 0	 0	 15842
0	 2	 0	 26192
1	 5	 0	 17399
1	 1	 0	 11532
1	 6	 2	 36053
1	 0	 0	 11464
0	 7	 0	 26650
1	 5	 0	 32368
0	 4	 1	 28270
1	 2	 0	 23898
0	 1	 0	 13185
0	 2	 0	 12915
0	 0	 0	 14281
0	 0	 0	 1190
