A	 C	 G	 T
33	 7040	 19193	 11
31	 6716	 18208	 10
50	 8133	 41292	 13
38	 7038	 19929	 26
64	 10426	 26683	 13
57	 10450	 33662	 37
56	 8570	 28575	 23
31	 5182	 29366	 18
50	 5854	 32760	 22
41	 5777	 28195	 12
24	 5193	 28570	 11
31	 5056	 26810	 16
26	 4234	 20959	 12
37	 6911	 9012	 5
44	 10364	 32507	 30
50	 6960	 35614	 15
22	 4491	 22150	 9
33	 7665	 27157	 24
51	 9277	 31482	 12
35	 6690	 30879	 15
48	 7525	 33414	 25
42	 5136	 27346	 15
66	 12015	 29692	 18
57	 9513	 37188	 26
26	 4343	 16339	 5
48	 6292	 29475	 19
56	 9112	 40921	 31
40	 6466	 32731	 21
45	 7661	 30264	 15
39	 5982	 15467	 17
54	 9068	 39163	 14
53	 21748	 16392	 11
1	 8	 5	 0
61	 8684	 31550	 22
29	 6060	 18844	 10
47	 5852	 30808	 21
36	 7636	 20945	 32
28	 6849	 13918	 7
62	 11613	 42840	 20
21	 3582	 13563	 7
25	 5784	 31426	 20
48	 5872	 38327	 14
41	 6473	 33469	 15
24	 4294	 28171	 18
58	 11609	 16235	 20
26	 4019	 15277	 5
29	 4597	 17111	 8
9	 2097	 1636	 0
