A	 C	 G	 T
1	 9	 0	 22109
1	 11	 0	 19402
0	 9	 1	 36892
0	 8	 0	 21386
1	 13	 0	 28947
0	 9	 0	 34380
0	 9	 0	 28917
1	 8	 0	 26815
0	 9	 2	 29485
1	 8	 0	 26018
1	 4	 0	 24434
0	 6	 1	 24333
0	 7	 2	 19710
0	 3	 0	 12794
0	 7	 1	 33547
0	 6	 2	 32235
0	 8	 1	 19492
0	 6	 1	 27550
1	 13	 0	 31517
1	 9	 0	 28647
1	 6	 0	 32026
1	 8	 1	 24157
0	 10	 0	 32769
3	 9	 0	 36343
0	 2	 0	 15510
0	 9	 0	 27238
0	 12	 1	 38245
1	 4	 0	 29560
0	 7	 1	 29089
0	 6	 0	 16347
1	 18	 2	 37599
0	 11	 16	 33012
0	 0	 0	 12
0	 13	 0	 30839
0	 6	 0	 19464
1	 8	 0	 27233
0	 11	 0	 21867
1	 5	 0	 16225
0	 14	 0	 42225
1	 1	 0	 13459
2	 11	 0	 27686
0	 6	 0	 33681
0	 12	 0	 29458
0	 4	 0	 24074
1	 15	 2	 22357
0	 4	 1	 14759
0	 4	 0	 16824
2	 2	 0	 2815
