A	 C	 G	 T
163	 5	 1	 17960
139	 5	 2	 16970
171	 8	 2	 39387
147	 1	 2	 18771
189	 7	 2	 24849
228	 7	 2	 31652
173	 3	 5	 26833
91	 4	 0	 28076
101	 6	 1	 31287
109	 6	 5	 26835
116	 7	 7	 27294
90	 9	 3	 25166
99	 7	 1	 19805
149	 1	 0	 8094
270	 5	 6	 30467
140	 5	 2	 33967
107	 9	 0	 21059
165	 6	 5	 25600
201	 10	 1	 29559
140	 5	 1	 29337
148	 8	 3	 31736
127	 7	 2	 25998
248	 3	 2	 27816
192	 7	 0	 35252
103	 4	 4	 15416
125	 5	 1	 27875
180	 11	 7	 38781
126	 11	 3	 31167
166	 8	 3	 28605
127	 1	 2	 14333
232	 6	 3	 36991
78	 6	 2	 15172
0	 0	 0	 5
211	 7	 3	 29797
114	 3	 6	 17715
110	 3	 1	 29363
183	 4	 1	 19224
142	 2	 0	 12897
247	 9	 4	 40619
56	 3	 0	 12853
81	 3	 4	 30166
172	 7	 2	 36518
124	 10	 2	 31889
86	 6	 1	 26963
174	 4	 2	 14860
86	 1	 2	 14489
110	 7	 1	 16075
72	 1	 0	 1352
