A	 C	 G	 T
6	 0	 15770	 0
2	 0	 15226	 2
0	 1	 35315	 1
4	 0	 16338	 1
5	 0	 22267	 2
6	 0	 28433	 1
2	 2	 23262	 0
3	 0	 25149	 0
5	 0	 27383	 0
5	 0	 23929	 1
4	 0	 24476	 1
2	 0	 22253	 2
2	 0	 17655	 0
0	 0	 7176	 0
2	 0	 27309	 0
5	 0	 30479	 2
1	 0	 18801	 2
1	 1	 22887	 0
3	 0	 26481	 0
3	 1	 26188	 1
3	 1	 28518	 3
4	 0	 23233	 0
4	 1	 24935	 1
4	 0	 31594	 3
3	 0	 13731	 2
5	 0	 25067	 1
8	 0	 34761	 2
9	 0	 27829	 2
9	 0	 25625	 0
2	 1	 12748	 0
3	 0	 32873	 3
1	 0	 13542	 1
0	 0	 3	 0
1	 0	 26513	 1
3	 1	 15925	 0
3	 0	 26268	 1
4	 0	 16951	 0
2	 0	 11542	 1
6	 0	 36181	 5
1	 0	 11373	 0
3	 3	 26811	 1
7	 0	 32532	 1
5	 1	 28455	 1
3	 1	 24057	 0
1	 0	 12973	 0
2	 2	 12988	 0
2	 0	 14353	 6
0	 0	 1193	 0
