A	 C	 G	 T
1	 0	 0	 81302
1	 1	 0	 21549
6	 5	 0	 151227
3	 2	 0	 112802
4	 4	 0	 107207
1	 1	 0	 26924
3	 5	 0	 83935
2	 2	 0	 89039
2	 1	 0	 117763
0	 2	 0	 32567
5	 7	 0	 138583
3	 5	 0	 101210
4	 3	 0	 137164
1	 0	 0	 26783
1	 4	 0	 109849
0	 0	 0	 92065
5	 5	 0	 150215
1	 1	 0	 29477
4	 0	 0	 141732
1	 3	 0	 83410
2	 0	 0	 22054
0	 0	 0	 2375
4	 5	 0	 109965
0	 4	 0	 57297
3	 4	 0	 146316
0	 2	 0	 26091
1	 2	 1	 67800
6	 2	 0	 120413
2	 0	 1	 20850
0	 0	 1	 24956
5	 2	 0	 95483
0	 0	 0	 23294
6	 3	 0	 130089
1	 1	 0	 23860
2	 1	 0	 43615
4	 2	 0	 104083
0	 0	 0	 12372
2	 1	 0	 31420
3	 3	 1	 99225
3	 4	 0	 76321
2	 8	 0	 127406
0	 0	 0	 106
2	 3	 0	 132578
0	 2	 0	 86313
1	 2	 0	 27543
0	 3	 0	 26300
1	 4	 0	 102577
4	 2	 0	 89122
