A	 C	 G	 T
9	 11	 0	 83127
4	 7	 0	 32066
11	 21	 0	 154843
5	 15	 0	 115630
10	 20	 0	 109651
1	 6	 0	 36959
7	 14	 0	 85506
5	 12	 0	 91411
6	 25	 0	 119881
5	 13	 0	 43213
12	 16	 0	 141274
11	 14	 0	 103047
8	 16	 0	 141580
1	 8	 2	 36168
14	 10	 2	 112308
6	 12	 0	 94090
7	 20	 0	 153715
4	 10	 0	 38544
14	 11	 0	 143528
4	 16	 0	 85213
2	 7	 0	 29774
1	 0	 0	 4806
8	 15	 0	 112663
3	 8	 1	 58660
13	 24	 0	 148254
4	 8	 0	 34993
3	 14	 0	 69350
11	 21	 1	 122989
2	 2	 0	 28093
2	 10	 0	 34087
10	 16	 1	 97729
2	 6	 0	 27401
12	 15	 1	 133173
3	 13	 1	 34352
2	 6	 0	 44680
8	 10	 0	 106516
1	 3	 0	 18792
7	 7	 0	 42572
8	 16	 0	 101868
8	 10	 1	 78137
8	 18	 0	 130720
0	 0	 0	 110
9	 30	 0	 143192
8	 11	 0	 88048
3	 7	 0	 36234
6	 8	 1	 35547
7	 21	 0	 105025
3	 13	 0	 91284
