A	 C	 G	 T
4	 4	 0	 80118
0	 1	 0	 21089
6	 5	 0	 148497
6	 8	 0	 111462
8	 5	 0	 105771
2	 1	 0	 26588
4	 6	 0	 82649
4	 4	 0	 87910
5	 7	 0	 115787
2	 1	 0	 32004
3	 9	 0	 136263
10	 8	 0	 99536
14	 11	 0	 136294
1	 2	 0	 26300
9	 5	 0	 108422
1	 2	 0	 90149
9	 8	 0	 148229
1	 2	 0	 28965
9	 5	 0	 138954
5	 3	 0	 82152
0	 1	 0	 21829
0	 1	 0	 2371
6	 3	 0	 108415
3	 3	 0	 56566
6	 9	 0	 143610
2	 2	 0	 25853
4	 2	 0	 66524
4	 5	 0	 118290
1	 1	 0	 20586
1	 1	 0	 24428
3	 8	 0	 94270
1	 2	 0	 22860
5	 3	 0	 127554
2	 3	 0	 23424
3	 1	 0	 43174
9	 6	 0	 102029
0	 3	 0	 12182
1	 1	 0	 30845
0	 5	 0	 98005
4	 5	 0	 75487
4	 6	 0	 125474
0	 0	 0	 102
3	 5	 1	 130287
6	 5	 0	 84780
0	 4	 0	 27098
3	 3	 0	 25814
6	 6	 0	 101193
3	 6	 0	 87237
