A	 C	 G	 T
8	 2	 35241	 9
4	 1	 5619	 0
10	 0	 17162	 13
11	 3	 37045	 13
15	 3	 31645	 6
5	 2	 7398	 1
3	 5	 25952	 7
1	 4	 37026	 14
7	 4	 36215	 14
4	 3	 12586	 5
8	 8	 54513	 3
12	 4	 26157	 17
13	 1	 44058	 16
7	 0	 7951	 1
11	 4	 47997	 6
12	 2	 15909	 4
13	 5	 53781	 13
3	 1	 7819	 3
16	 4	 17551	 8
8	 3	 10458	 9
5	 0	 7343	 1
0	 1	 627	 0
10	 5	 41161	 6
5	 2	 14403	 3
10	 4	 31418	 9
3	 1	 9943	 2
10	 1	 9711	 4
7	 1	 21598	 9
2	 1	 7214	 1
4	 2	 7240	 2
4	 4	 45683	 5
3	 1	 2259	 3
10	 4	 35808	 7
2	 2	 8768	 1
3	 1	 26801	 4
9	 2	 29516	 5
0	 0	 4054	 0
2	 0	 10729	 1
8	 1	 36898	 5
5	 2	 25677	 3
8	 3	 47840	 10
0	 0	 38	 0
7	 3	 38947	 10
6	 4	 9109	 5
5	 4	 7930	 0
2	 1	 7366	 0
12	 2	 45671	 6
9	 3	 10811	 7
