A	 C	 G	 T
1	 7	 1	 79933
1	 1	 0	 24760
1	 6	 2	 149518
1	 6	 2	 111389
1	 3	 4	 106239
1	 2	 0	 30717
0	 7	 2	 82651
0	 6	 1	 88086
1	 6	 0	 115687
0	 5	 0	 37980
2	 6	 3	 136508
1	 3	 1	 99863
4	 4	 2	 136458
2	 5	 1	 30443
2	 2	 3	 108415
0	 4	 1	 90453
3	 6	 4	 148473
1	 3	 0	 33089
4	 8	 4	 138641
0	 4	 0	 82351
0	 2	 0	 24620
0	 0	 0	 2571
1	 6	 3	 108312
0	 5	 3	 56694
4	 7	 6	 142898
0	 0	 1	 30219
1	 1	 0	 67038
0	 5	 2	 118595
0	 1	 0	 23334
0	 1	 0	 28374
1	 4	 3	 94270
0	 1	 0	 22755
1	 2	 1	 128224
1	 3	 1	 27816
0	 0	 1	 43241
0	 3	 6	 102665
1	 2	 0	 13877
0	 1	 2	 35364
0	 6	 3	 98148
2	 3	 2	 75226
1	 5	 5	 126014
0	 0	 0	 104
1	 9	 3	 132917
1	 3	 2	 84928
1	 2	 1	 31018
0	 0	 0	 29523
1	 10	 1	 101477
1	 1	 1	 88122
