A	 C	 G	 T
8	 82601	 3	 29
3	 31760	 0	 35
8	 153990	 6	 54
4	 114933	 4	 40
8	 109021	 6	 45
3	 36680	 1	 40
12	 85223	 3	 29
8	 90829	 3	 36
8	 119342	 3	 57
4	 42819	 2	 46
12	 140291	 5	 50
7	 102457	 2	 39
15	 140576	 6	 53
2	 35893	 5	 38
11	 111506	 4	 49
13	 93396	 5	 45
7	 152750	 5	 57
5	 38290	 5	 33
7	 142594	 2	 54
8	 84653	 2	 33
5	 29495	 1	 29
1	 4746	 0	 13
14	 112017	 2	 43
6	 58318	 1	 31
10	 147235	 1	 67
2	 34713	 1	 30
8	 68948	 4	 19
8	 122181	 4	 52
2	 27875	 3	 24
2	 33828	 1	 40
8	 97079	 5	 51
2	 27201	 0	 9
8	 132225	 6	 64
4	 34083	 1	 42
3	 44334	 2	 19
6	 105777	 5	 44
2	 18650	 1	 17
1	 42239	 1	 36
7	 101148	 2	 36
7	 77641	 2	 30
8	 129823	 3	 48
0	 108	 0	 0
8	 142127	 5	 68
12	 87440	 1	 40
8	 35998	 0	 38
2	 35188	 0	 34
7	 104318	 3	 40
4	 90705	 6	 38
