A	 C	 G	 T
0	 3	 0	 82416
0	 2	 1	 21778
2	 7	 0	 152821
0	 3	 0	 114404
2	 8	 0	 108546
0	 2	 1	 27318
2	 5	 0	 84919
3	 3	 0	 90238
0	 3	 0	 119146
0	 3	 0	 33061
1	 11	 1	 139846
0	 2	 0	 102191
1	 10	 2	 140058
0	 1	 0	 27085
1	 5	 0	 111171
0	 6	 0	 92917
1	 7	 1	 152098
1	 1	 0	 29794
1	 6	 0	 143193
1	 5	 0	 84336
0	 1	 0	 22414
0	 0	 0	 2424
1	 5	 1	 111539
3	 3	 0	 58038
1	 10	 0	 147902
0	 1	 0	 26634
1	 3	 0	 68456
0	 5	 1	 121499
0	 1	 0	 21152
0	 2	 0	 25191
0	 4	 0	 96780
0	 1	 0	 23546
1	 7	 0	 131443
0	 2	 1	 24102
0	 1	 0	 44225
1	 7	 0	 105069
0	 1	 0	 12546
0	 6	 0	 31810
0	 6	 1	 100488
0	 1	 2	 77278
0	 10	 0	 129192
0	 0	 0	 106
1	 6	 0	 133819
0	 3	 0	 87117
0	 1	 0	 27876
0	 1	 0	 26570
0	 4	 0	 103829
1	 7	 0	 90048
