A	 C	 G	 T
2	 59506	 0	 2
0	 15881	 0	 1
2	 109681	 0	 299
5	 82597	 0	 0
9	 78234	 0	 6
1	 19875	 0	 1
4	 61408	 0	 2
3	 65069	 0	 0
3	 85783	 0	 7
3	 24223	 0	 1
7	 100497	 0	 212
1	 74056	 0	 3
10	 101457	 0	 7
4	 19709	 0	 0
4	 80354	 0	 5
3	 67133	 0	 3
6	 110154	 0	 5
0	 21926	 0	 2
9	 102879	 0	 10
3	 60933	 0	 2
3	 16303	 0	 0
0	 1758	 0	 0
1	 80370	 0	 1
2	 41818	 0	 74
10	 106411	 0	 5
2	 19623	 0	 2
0	 49245	 0	 1
10	 87869	 0	 2
1	 15381	 0	 1
3	 18092	 0	 1
6	 69961	 0	 1
3	 16914	 0	 28
6	 94221	 0	 3
3	 17269	 0	 36
3	 32634	 0	 3
2	 75756	 0	 5
1	 9068	 0	 1
4	 23063	 0	 0
2	 72880	 0	 3
3	 56914	 0	 4
3	 93065	 0	 1
0	 79	 0	 0
5	 96937	 0	 42
2	 62477	 0	 1
2	 20140	 0	 1
1	 19193	 0	 1
1	 74973	 0	 6
0	 64427	 0	 0
