A	 C	 G	 T
81713	 0	 3	 0
25396	 0	 2	 0
152777	 0	 7	 3
113838	 1	 2	 0
108352	 0	 8	 2
31517	 1	 2	 0
84454	 0	 2	 0
90145	 1	 3	 3
118188	 0	 5	 4
39015	 0	 0	 0
139292	 1	 2	 2
101814	 2	 4	 2
139455	 1	 5	 4
31221	 0	 4	 0
110744	 0	 1	 0
92407	 1	 3	 2
151677	 1	 3	 2
33915	 0	 0	 0
141851	 2	 5	 2
83970	 1	 5	 1
25219	 0	 2	 0
2666	 0	 0	 0
110716	 0	 1	 2
57832	 0	 0	 4
146166	 0	 3	 1
31047	 1	 4	 2
68476	 0	 2	 2
121210	 1	 5	 0
23884	 0	 1	 0
29183	 0	 1	 2
96299	 3	 3	 2
23280	 0	 0	 0
131127	 0	 5	 3
28609	 0	 1	 1
44197	 0	 0	 1
104985	 0	 3	 2
14262	 0	 0	 0
36343	 1	 0	 1
100389	 1	 9	 3
76883	 1	 0	 1
129064	 3	 4	 3
105	 0	 0	 0
136073	 4	 6	 0
86794	 0	 4	 1
31727	 1	 8	 1
30321	 1	 1	 0
103677	 0	 3	 1
90008	 1	 4	 0
