A	 C	 G	 T
81190	 0	 2	 1
21528	 0	 1	 0
151107	 0	 6	 2
112663	 0	 6	 4
107080	 0	 3	 1
26858	 0	 1	 3
83844	 0	 3	 5
88918	 1	 0	 6
117624	 0	 3	 0
32516	 0	 3	 0
138515	 0	 7	 3
101150	 0	 3	 2
136692	 0	 4	 5
26764	 0	 2	 0
109763	 0	 4	 3
92000	 0	 5	 1
150029	 0	 4	 4
29438	 0	 1	 2
141614	 0	 3	 5
83324	 0	 4	 1
22007	 0	 1	 3
2367	 0	 0	 0
109721	 0	 5	 3
57233	 0	 2	 0
146222	 0	 5	 6
26003	 0	 3	 2
67750	 0	 9	 0
120321	 0	 5	 5
20814	 0	 3	 2
24929	 0	 0	 0
95391	 0	 6	 4
23262	 0	 5	 0
129991	 0	 5	 7
23839	 1	 1	 1
43558	 1	 1	 0
104047	 1	 4	 4
12357	 0	 0	 0
31387	 0	 1	 1
99085	 0	 4	 0
76268	 0	 4	 0
127211	 1	 2	 7
105	 0	 0	 0
132478	 1	 6	 4
86224	 0	 3	 1
27511	 0	 1	 0
26274	 0	 4	 0
102456	 0	 7	 4
89024	 0	 2	 4
