A	 C	 G	 T
1	 4	 0	 33191
1	 0	 0	 7082
0	 1	 0	 38507
0	 2	 0	 38736
3	 2	 0	 29407
1	 2	 0	 9756
0	 4	 0	 27752
3	 0	 0	 33855
1	 2	 1	 27400
0	 0	 0	 12809
2	 1	 0	 35242
0	 3	 0	 28538
3	 4	 0	 41557
0	 2	 0	 7277
1	 4	 0	 35637
1	 1	 0	 27439
2	 6	 1	 53054
0	 1	 0	 9476
1	 3	 0	 38390
0	 0	 0	 28738
0	 0	 0	 7845
0	 0	 0	 728
1	 2	 0	 37367
2	 0	 0	 19237
2	 4	 0	 48036
0	 3	 0	 8104
1	 0	 0	 28003
1	 2	 0	 33656
0	 0	 0	 7869
0	 1	 0	 7632
0	 1	 1	 40580
0	 0	 0	 8679
0	 3	 0	 40495
0	 1	 0	 7264
0	 2	 0	 17139
3	 2	 0	 36453
0	 0	 0	 4163
0	 3	 0	 11826
2	 3	 0	 37764
0	 2	 0	 25708
2	 3	 1	 50148
0	 0	 0	 34
4	 5	 0	 34107
0	 2	 1	 25098
0	 0	 0	 8001
0	 2	 0	 7040
3	 1	 0	 36563
0	 1	 0	 25875
