A	 C	 G	 T
6	 44	 1	 82633
4	 38	 0	 31834
7	 96	 0	 153982
7	 64	 0	 114969
3	 69	 0	 109042
7	 37	 0	 36776
5	 57	 0	 85095
5	 53	 1	 90894
6	 57	 0	 119299
3	 39	 0	 42923
5	 85	 0	 140400
4	 57	 0	 102465
4	 83	 0	 140702
2	 40	 0	 35973
5	 70	 0	 111613
4	 48	 2	 93530
8	 79	 3	 152846
3	 42	 0	 38308
1	 83	 0	 142634
5	 49	 0	 84714
0	 36	 0	 29611
1	 10	 0	 4768
5	 72	 0	 111979
4	 39	 0	 58301
9	 80	 2	 147382
2	 37	 0	 34742
0	 48	 0	 68929
3	 80	 1	 122290
1	 37	 0	 27921
3	 42	 0	 33928
7	 58	 0	 97171
2	 16	 0	 27227
11	 75	 0	 132389
0	 35	 0	 34159
4	 24	 0	 44375
4	 54	 1	 105877
1	 25	 0	 18680
1	 46	 0	 42329
3	 62	 0	 101285
5	 40	 0	 77603
7	 84	 0	 129916
0	 0	 0	 110
7	 115	 0	 142305
3	 39	 1	 87527
2	 44	 1	 36074
3	 29	 0	 35355
7	 64	 0	 104431
5	 50	 0	 90735
