A	 C	 G	 T
59832	 0	 2	 1
15962	 0	 1	 0
110630	 0	 5	 0
83043	 0	 3	 3
78703	 1	 4	 2
19969	 0	 4	 1
61657	 0	 5	 0
65410	 0	 2	 2
86305	 1	 4	 1
24378	 0	 3	 2
101398	 0	 4	 2
74434	 1	 1	 1
101928	 0	 6	 0
19836	 1	 2	 0
80816	 0	 3	 0
67534	 0	 1	 1
110746	 1	 4	 0
22051	 0	 0	 0
103463	 0	 7	 0
61160	 0	 6	 0
16377	 0	 3	 0
1761	 0	 0	 0
80796	 0	 4	 0
42089	 0	 4	 0
107000	 0	 4	 1
19732	 0	 1	 0
49502	 0	 4	 0
88427	 0	 3	 1
15467	 0	 1	 0
18215	 0	 1	 0
70333	 0	 2	 1
17037	 0	 0	 0
94771	 0	 9	 2
17408	 0	 2	 0
32802	 0	 1	 1
76174	 1	 2	 1
9106	 0	 1	 0
23213	 0	 2	 2
73265	 1	 4	 2
57185	 0	 2	 0
93597	 0	 5	 2
79	 0	 0	 0
97717	 1	 2	 3
62889	 0	 6	 1
20259	 0	 6	 0
19344	 0	 2	 0
75396	 2	 1	 3
64860	 0	 1	 1
