A	 C	 G	 T
69342	 0	 4	 0
18349	 0	 2	 1
127951	 0	 8	 7
96638	 0	 6	 4
91333	 0	 10	 9
22721	 0	 2	 1
71692	 0	 6	 2
75981	 1	 5	 1
100404	 2	 4	 5
27602	 0	 4	 2
122118	 0	 9	 5
87754	 2	 5	 2
117130	 1	 7	 5
22617	 1	 2	 4
94240	 0	 4	 4
80508	 0	 8	 2
128253	 2	 9	 8
25128	 0	 2	 1
122391	 0	 12	 8
72073	 0	 2	 1
18765	 0	 0	 0
1984	 0	 0	 0
93974	 1	 3	 4
49165	 2	 5	 3
126329	 1	 4	 10
22142	 0	 3	 0
59849	 1	 2	 3
105317	 0	 5	 2
17702	 0	 2	 2
21822	 0	 1	 0
81686	 0	 4	 2
20165	 0	 3	 0
112136	 1	 9	 4
20345	 0	 1	 1
37466	 0	 1	 3
90170	 0	 2	 1
10560	 0	 0	 0
26627	 0	 2	 1
84524	 2	 4	 6
65216	 0	 0	 3
108655	 0	 7	 3
88	 0	 0	 0
115059	 0	 5	 3
72448	 0	 9	 3
23198	 0	 1	 0
22464	 0	 0	 4
87925	 1	 2	 3
73817	 0	 4	 6
