A	 C	 G	 T
1	 3	 81992	 5
1	 1	 25594	 4
3	 8	 153333	 8
1	 2	 114141	 10
7	 1	 108824	 5
0	 1	 31780	 1
4	 7	 84597	 6
5	 0	 90461	 4
3	 3	 118458	 4
1	 2	 39276	 4
2	 7	 139806	 6
1	 1	 102065	 4
2	 2	 139991	 3
0	 0	 31431	 4
1	 4	 111148	 9
3	 0	 92909	 5
5	 6	 152181	 3
0	 2	 34133	 4
1	 5	 142295	 4
0	 3	 84403	 5
1	 2	 25362	 4
0	 0	 2686	 0
2	 4	 111093	 3
0	 0	 58152	 1
3	 9	 146802	 10
0	 0	 31245	 0
1	 5	 68769	 4
1	 8	 121839	 12
1	 2	 24031	 2
1	 0	 29407	 2
0	 4	 96673	 6
2	 1	 23397	 4
4	 6	 131685	 4
0	 0	 28813	 3
1	 2	 44383	 2
0	 2	 105346	 8
0	 2	 14339	 1
1	 2	 36532	 4
4	 3	 100748	 3
0	 2	 77239	 7
4	 7	 129404	 7
0	 0	 106	 0
2	 2	 136760	 3
1	 2	 87119	 7
2	 1	 31826	 1
2	 0	 30515	 0
2	 7	 104052	 7
1	 5	 90428	 5
