A	 C	 G	 T
2	 1	 81462	 2
0	 0	 25350	 0
3	 5	 152621	 4
1	 1	 113195	 3
1	 2	 108224	 1
0	 0	 31464	 0
2	 1	 83710	 2
2	 3	 89951	 7
2	 1	 116985	 4
1	 2	 39007	 4
9	 1	 139204	 4
7	 2	 101380	 2
6	 3	 139322	 10
0	 2	 31228	 1
3	 5	 110624	 3
2	 1	 92421	 5
2	 5	 151490	 6
0	 1	 33861	 2
2	 3	 141495	 7
1	 2	 83925	 5
2	 1	 25197	 3
0	 0	 2651	 1
3	 1	 110603	 3
5	 3	 57893	 4
7	 4	 146104	 12
0	 0	 30974	 1
0	 3	 68402	 0
3	 4	 121231	 8
1	 1	 23854	 0
0	 0	 29176	 1
1	 2	 96304	 3
1	 0	 23258	 0
4	 2	 131081	 5
1	 1	 28578	 3
1	 0	 44226	 3
2	 1	 104902	 2
1	 1	 14196	 0
2	 1	 36289	 3
2	 1	 100259	 1
2	 2	 76641	 1
1	 3	 128796	 3
0	 0	 106	 0
2	 3	 136038	 6
3	 2	 86675	 4
2	 1	 31321	 1
2	 1	 30257	 4
1	 3	 103643	 6
1	 0	 89729	 2
