A	 C	 G	 T
2	 4	 0	 80759
1	 6	 0	 21247
3	 4	 0	 149914
5	 1	 0	 112433
4	 2	 0	 106613
0	 5	 0	 26805
5	 1	 0	 83324
2	 3	 0	 88642
6	 3	 0	 116796
0	 6	 0	 32275
5	 4	 0	 137440
0	 1	 0	 100442
7	 7	 0	 137734
0	 6	 0	 26541
3	 1	 0	 109318
2	 0	 0	 91323
4	 4	 0	 149514
0	 4	 0	 29208
6	 9	 0	 140149
0	 2	 0	 82799
0	 1	 0	 22001
0	 0	 0	 2383
1	 3	 1	 109335
3	 1	 0	 57025
3	 4	 0	 144728
0	 5	 0	 26081
3	 1	 0	 67079
7	 3	 0	 119435
0	 1	 0	 20757
0	 4	 0	 24698
2	 1	 0	 95051
1	 0	 0	 23052
5	 4	 0	 128663
0	 3	 0	 23655
0	 1	 0	 43518
2	 5	 0	 103251
0	 2	 0	 12295
1	 4	 0	 31158
5	 2	 0	 98817
3	 0	 0	 76021
3	 3	 0	 126534
0	 0	 0	 104
5	 6	 0	 131465
3	 0	 0	 85559
1	 6	 0	 27368
0	 0	 0	 26075
4	 4	 0	 102034
3	 5	 0	 88123
