A	 C	 G	 T
1	 80839	 5	 4
1	 25128	 0	 0
6	 151266	 1	 4
3	 112629	 3	 4
2	 107572	 0	 4
0	 31145	 1	 0
3	 83877	 2	 5
8	 89163	 0	 3
3	 117340	 0	 5
3	 38578	 2	 1
1	 138133	 1	 4
1	 100900	 1	 5
5	 138147	 2	 2
0	 30815	 0	 1
6	 109679	 3	 4
4	 91483	 1	 4
3	 150252	 2	 5
0	 33589	 0	 3
7	 140329	 3	 9
4	 83249	 2	 4
1	 24913	 0	 0
0	 2610	 0	 0
8	 109586	 0	 9
0	 57285	 0	 2
5	 144657	 0	 4
3	 30607	 0	 2
2	 67877	 1	 2
4	 120029	 0	 6
0	 23640	 0	 3
0	 28758	 1	 2
1	 95393	 1	 2
5	 23037	 0	 2
4	 129791	 0	 5
0	 28191	 1	 0
2	 43776	 0	 2
3	 103951	 2	 5
0	 14110	 0	 0
0	 35846	 1	 3
4	 99287	 2	 5
3	 76163	 0	 2
1	 127693	 3	 3
0	 103	 0	 0
9	 134625	 4	 7
1	 85902	 4	 6
0	 31514	 1	 1
0	 29933	 0	 2
1	 102710	 1	 4
5	 89089	 1	 2
