A	 C	 G	 T
0	 12	 2	 83182
0	 11	 1	 21918
1	 19	 6	 154223
0	 21	 2	 115479
0	 31	 4	 109539
0	 3	 0	 27534
0	 20	 2	 85763
0	 12	 2	 91142
1	 19	 1	 120258
0	 8	 1	 33318
2	 24	 4	 141146
0	 16	 3	 103126
0	 28	 0	 141265
0	 14	 1	 27296
1	 17	 4	 112205
1	 20	 1	 93801
1	 23	 4	 153403
0	 6	 3	 30014
0	 27	 3	 144463
0	 16	 6	 85128
0	 2	 0	 22580
0	 1	 0	 2454
0	 21	 5	 112594
0	 12	 2	 58561
1	 24	 5	 149167
0	 5	 2	 26861
0	 8	 0	 69174
0	 16	 5	 122664
0	 4	 0	 21306
0	 7	 0	 25401
1	 15	 5	 97655
0	 7	 5	 27351
0	 22	 4	 132742
0	 10	 0	 24270
0	 9	 1	 44597
0	 16	 2	 106086
0	 4	 0	 12613
0	 7	 1	 32021
0	 24	 3	 101419
0	 12	 5	 78004
2	 15	 2	 130412
0	 0	 0	 108
0	 24	 3	 135069
1	 15	 2	 87998
0	 5	 1	 28069
0	 7	 2	 26781
0	 17	 3	 104783
0	 15	 5	 91030
