A	 C	 G	 T
82776	 1	 3	 2
21875	 0	 1	 1
153506	 3	 3	 3
114911	 1	 2	 3
109005	 0	 1	 3
27453	 0	 0	 0
85345	 2	 3	 2
90699	 1	 1	 2
119696	 0	 5	 1
33193	 2	 1	 1
140467	 0	 4	 1
102643	 0	 3	 2
140769	 0	 2	 4
27245	 0	 3	 1
111710	 0	 2	 2
93346	 0	 2	 2
152751	 0	 2	 5
29926	 0	 1	 0
143799	 1	 3	 3
84711	 0	 0	 7
22529	 0	 0	 0
2441	 0	 0	 0
112015	 0	 2	 2
58254	 2	 3	 2
148564	 0	 3	 4
26760	 0	 1	 1
68830	 2	 2	 3
122153	 1	 2	 2
21250	 0	 2	 0
25294	 0	 0	 1
97219	 0	 2	 1
23634	 1	 0	 3
132092	 3	 5	 3
24207	 0	 0	 0
44376	 0	 1	 0
105618	 3	 4	 1
12589	 0	 0	 0
31947	 0	 2	 1
100956	 0	 2	 3
77600	 0	 0	 1
129811	 3	 0	 2
106	 0	 0	 0
134486	 2	 2	 5
87571	 0	 1	 1
27991	 0	 1	 2
26699	 0	 0	 0
104377	 0	 2	 5
90488	 0	 6	 0
