A	 C	 G	 T
44	 5	 35	 83043
39	 13	 5893	 25888
33	 10	 47	 154668
29	 15	 21	 115377
37	 6	 28	 109661
39	 10	 4590	 32109
36	 0	 35	 85625
17	 9	 26	 91318
30	 7	 37	 119745
23	 7	 3248	 39733
52	 9	 31	 141032
28	 7	 20	 102967
16	 7	 50	 141303
29	 13	 4119	 31820
28	 2	 31	 112062
18	 3	 25	 93958
17	 12	 25	 153584
25	 17	 3856	 34473
30	 7	 88	 143486
18	 9	 5	 85194
28	 11	 3828	 25687
13	 4	 1970	 2723
32	 9	 34	 112535
14	 5	 17	 58601
31	 10	 17	 148108
34	 6	 3291	 31529
26	 2	 29	 69351
32	 9	 23	 122961
29	 9	 3649	 24294
26	 8	 3920	 29858
23	 8	 13	 97588
3219	 20	 13	 23701
36	 5	 16	 132915
29	 9	 4903	 29156
26	 4	 5	 44734
24	 3	 17	 106369
38	 10	 3974	 14557
39	 15	 5344	 36993
34	 5	 61	 101591
16	 5	 11	 78212
20	 4	 22	 130626
0	 0	 1	 107
56	 22	 4336	 138548
23	 4	 24	 87894
25	 14	 3626	 32297
24	 9	 4362	 30900
27	 3	 27	 104948
26	 3	 17	 91240
