A	 C	 G	 T
2	 17	 0	 80486
0	 4	 0	 24948
2	 17	 0	 150542
1	 8	 0	 112015
0	 5	 0	 106776
0	 4	 0	 31037
3	 4	 0	 82696
0	 8	 0	 88686
1	 6	 0	 115849
0	 6	 0	 38385
4	 11	 0	 137285
2	 3	 1	 100346
0	 7	 0	 137449
4	 2	 0	 30668
1	 13	 0	 109156
0	 2	 0	 91139
0	 9	 0	 149321
1	 4	 0	 33324
2	 8	 0	 139524
2	 7	 0	 82769
0	 4	 0	 24803
1	 0	 0	 2608
1	 9	 0	 108996
0	 5	 0	 57085
4	 11	 1	 143928
0	 3	 0	 30486
0	 2	 0	 67449
0	 5	 0	 119486
0	 5	 0	 23490
0	 2	 1	 28542
1	 6	 0	 94842
0	 3	 0	 22968
1	 7	 0	 129233
0	 3	 0	 28029
2	 1	 0	 43617
2	 7	 0	 103435
0	 3	 0	 14041
2	 1	 0	 35623
2	 3	 0	 98796
1	 6	 0	 75884
2	 6	 0	 126949
0	 0	 0	 103
4	 11	 0	 134014
0	 3	 0	 85492
0	 4	 0	 30997
1	 3	 0	 29785
1	 6	 0	 102206
1	 5	 0	 88809
