A	 C	 G	 T
81034	 1	 6	 4
25185	 0	 1	 1
151954	 4	 7	 5
112597	 0	 8	 3
107769	 2	 7	 4
31270	 0	 2	 2
83497	 1	 1	 3
89581	 1	 5	 2
116494	 0	 2	 4
38730	 0	 4	 2
138584	 1	 7	 3
100906	 2	 1	 3
138652	 0	 8	 4
31029	 0	 1	 1
110085	 1	 6	 0
92023	 2	 3	 0
150747	 2	 8	 1
33682	 0	 1	 1
140843	 4	 7	 5
83569	 0	 4	 2
25051	 0	 1	 1
2640	 0	 0	 0
110114	 1	 2	 0
57644	 0	 1	 1
145372	 1	 7	 3
30781	 0	 1	 0
68095	 1	 6	 0
120582	 3	 9	 0
23733	 1	 3	 0
28971	 1	 6	 0
95820	 2	 4	 0
23136	 1	 2	 0
130443	 1	 4	 2
28363	 0	 3	 0
43994	 0	 0	 1
104335	 1	 1	 2
14106	 0	 1	 0
36029	 0	 4	 2
99736	 5	 6	 3
76204	 0	 4	 3
128151	 0	 4	 1
106	 0	 0	 0
135378	 1	 6	 1
86255	 0	 2	 1
31140	 1	 3	 0
30053	 0	 1	 2
103119	 2	 6	 2
89222	 0	 3	 3
