A	 C	 G	 T
4	 7	 0	 77844
1	 1	 0	 20193
6	 5	 0	 141540
4	 0	 0	 107488
4	 5	 0	 101212
0	 0	 0	 25537
5	 3	 0	 79415
2	 4	 0	 84946
4	 6	 0	 109874
1	 4	 0	 30935
4	 5	 0	 129156
7	 6	 0	 95531
2	 2	 0	 131190
2	 1	 0	 24936
4	 4	 0	 103992
3	 5	 0	 86992
4	 10	 0	 143065
1	 0	 0	 27696
6	 9	 0	 132397
6	 3	 0	 79563
0	 1	 0	 21013
0	 0	 0	 2238
2	 10	 0	 104275
2	 2	 0	 54448
6	 11	 0	 137785
0	 1	 0	 24745
2	 3	 0	 64276
0	 6	 0	 113346
2	 6	 0	 19843
0	 0	 0	 23304
2	 4	 0	 91441
0	 0	 0	 22055
4	 8	 0	 122523
1	 2	 0	 22237
2	 4	 0	 41824
0	 4	 0	 98573
0	 2	 0	 11768
2	 1	 0	 29752
2	 5	 0	 94861
2	 2	 0	 72513
2	 14	 0	 121629
0	 0	 0	 96
4	 8	 0	 123614
2	 3	 0	 81219
0	 1	 0	 25888
0	 1	 0	 24531
2	 1	 0	 97622
2	 6	 0	 83822
