A	 C	 G	 T
2	 2	 80189	 6
2	 1	 24876	 3
1	 4	 150152	 7
1	 1	 111527	 11
6	 0	 106785	 4
6	 2	 30823	 3
6	 0	 83241	 4
4	 2	 88499	 0
10	 1	 116635	 3
3	 0	 38155	 6
6	 0	 137017	 10
3	 1	 100091	 6
5	 0	 137052	 5
2	 0	 30467	 3
3	 0	 108800	 5
2	 5	 90729	 9
5	 6	 149093	 1
7	 0	 33272	 6
5	 2	 139182	 4
2	 0	 82574	 1
1	 0	 24696	 1
0	 0	 2596	 0
4	 2	 108688	 3
1	 0	 56822	 1
10	 0	 143421	 6
4	 0	 30309	 2
6	 1	 67360	 2
5	 1	 118945	 7
1	 1	 23415	 0
2	 0	 28350	 2
4	 0	 94519	 7
2	 0	 22837	 2
6	 1	 128610	 6
2	 0	 27859	 2
0	 0	 43435	 2
6	 0	 103059	 7
0	 0	 13985	 1
2	 0	 35474	 2
4	 1	 98533	 8
5	 1	 75523	 5
11	 3	 126739	 9
0	 0	 102	 0
6	 0	 133409	 5
5	 0	 85162	 8
2	 1	 31242	 3
3	 1	 29690	 0
5	 3	 101865	 5
6	 0	 88289	 2
