A	 C	 G	 T
1	 4	 4	 77900
0	 0	 0	 20166
1	 10	 0	 141576
5	 14	 3	 106710
2	 4	 3	 102082
1	 2	 0	 25219
2	 10	 2	 78933
1	 7	 4	 84890
3	 5	 3	 111208
0	 4	 1	 30618
2	 6	 5	 131859
4	 9	 4	 95972
1	 12	 0	 130068
0	 3	 2	 25103
3	 6	 4	 103867
2	 7	 1	 87085
2	 9	 3	 142008
1	 2	 0	 27744
3	 10	 5	 134006
3	 1	 1	 78870
0	 2	 1	 20791
0	 0	 0	 2223
3	 4	 1	 105632
0	 2	 2	 54211
3	 10	 7	 138202
2	 0	 0	 24424
2	 1	 1	 64315
4	 3	 6	 114025
1	 0	 1	 19598
1	 5	 0	 23678
3	 8	 1	 90173
1	 0	 2	 22036
3	 7	 5	 122521
0	 0	 2	 22304
1	 1	 2	 41301
2	 8	 1	 98179
1	 1	 1	 11605
1	 3	 2	 29415
2	 9	 1	 93793
0	 4	 1	 72397
3	 10	 1	 120305
0	 0	 0	 94
5	 14	 3	 124824
1	 8	 0	 81136
1	 3	 1	 25601
5	 1	 1	 24650
2	 11	 3	 96903
1	 5	 2	 79995
