A	 C	 G	 T
16	 5	 77109	 5
3	 1	 20245	 0
20	 13	 141871	 7
13	 8	 107069	 9
14	 4	 101383	 5
1	 2	 25385	 4
13	 1	 79089	 5
12	 7	 84305	 4
14	 3	 111490	 9
6	 5	 30761	 1
13	 8	 132576	 11
13	 6	 96131	 9
17	 11	 131021	 9
7	 2	 25196	 0
21	 6	 103997	 6
11	 8	 87036	 3
20	 9	 141855	 10
3	 1	 27768	 1
26	 4	 134278	 8
7	 8	 78793	 4
3	 1	 20867	 2
1	 0	 2244	 0
13	 4	 104186	 3
10	 3	 54555	 5
18	 5	 138498	 11
4	 2	 24661	 1
11	 4	 63982	 0
15	 5	 114328	 7
3	 2	 19675	 0
5	 2	 23749	 1
12	 3	 90244	 4
3	 0	 21973	 1
23	 9	 122822	 5
3	 2	 22431	 0
5	 3	 41352	 1
10	 11	 97786	 5
0	 2	 11659	 2
5	 5	 29562	 0
6	 2	 93765	 4
10	 2	 72343	 3
15	 6	 120399	 6
0	 0	 98	 0
21	 6	 124689	 16
10	 4	 81044	 7
7	 1	 26038	 1
7	 2	 24693	 1
18	 5	 96934	 5
17	 5	 83113	 8
