A	 C	 G	 T
5	 3	 1	 79753
0	 1	 0	 20991
3	 4	 0	 148484
6	 2	 0	 110948
4	 3	 0	 105365
0	 0	 0	 26416
1	 5	 1	 82318
3	 2	 0	 87470
1	 0	 1	 115352
1	 4	 0	 31817
4	 3	 1	 135888
3	 3	 1	 99348
3	 3	 0	 136629
0	 2	 0	 26188
1	 5	 0	 107872
1	 0	 0	 90195
1	 1	 0	 147672
0	 3	 2	 28822
2	 4	 0	 138784
1	 3	 1	 81690
0	 3	 0	 21724
0	 1	 0	 2353
1	 2	 1	 107849
1	 1	 0	 56303
2	 3	 0	 142931
1	 2	 0	 25707
0	 3	 0	 66390
0	 5	 0	 118078
0	 0	 0	 20478
0	 3	 0	 24401
0	 5	 0	 93753
0	 1	 0	 22787
2	 2	 2	 127122
0	 2	 0	 23296
0	 1	 0	 42982
2	 3	 0	 102235
1	 0	 0	 12126
0	 1	 0	 30753
5	 3	 1	 97534
3	 1	 0	 75119
3	 4	 1	 124968
0	 0	 0	 103
2	 1	 1	 130073
3	 2	 1	 84625
1	 0	 0	 27046
3	 1	 0	 25711
1	 0	 1	 100753
2	 5	 0	 87158
