A	 C	 G	 T
2	 6	 0	 82002
1	 0	 0	 25530
2	 4	 4	 153342
3	 7	 3	 114279
5	 11	 2	 108837
4	 2	 1	 31711
4	 7	 1	 84932
2	 4	 7	 90500
4	 11	 4	 118739
1	 3	 1	 39255
3	 13	 2	 139899
2	 7	 0	 101935
4	 12	 1	 139979
1	 3	 0	 31397
2	 10	 4	 111116
6	 4	 2	 92858
3	 4	 3	 152253
2	 1	 0	 34123
5	 11	 2	 142313
0	 4	 1	 84385
3	 0	 0	 25371
0	 0	 0	 2677
6	 11	 4	 111071
1	 3	 1	 58105
3	 13	 3	 146682
0	 3	 0	 31202
0	 1	 2	 68696
5	 6	 2	 121738
1	 0	 1	 24019
0	 1	 3	 29420
1	 1	 2	 96692
2	 2	 0	 23385
6	 11	 2	 131738
1	 1	 1	 28807
1	 0	 0	 44353
5	 10	 1	 105425
0	 2	 0	 14328
4	 3	 0	 36522
7	 7	 1	 100730
3	 6	 1	 77189
3	 16	 1	 129474
0	 0	 0	 105
5	 12	 4	 136739
3	 3	 3	 87156
1	 5	 1	 31960
1	 1	 0	 30496
5	 7	 2	 104037
4	 5	 3	 90461
