A	 C	 G	 T
7	 3	 0	 82258
0	 1	 0	 21757
2	 6	 0	 152655
6	 5	 0	 114282
3	 5	 0	 108384
0	 2	 0	 27292
1	 3	 0	 84800
2	 5	 0	 90128
1	 5	 0	 119066
1	 0	 0	 33023
4	 7	 0	 139658
3	 1	 0	 102108
2	 9	 0	 139975
1	 3	 0	 27063
6	 0	 1	 111041
4	 4	 0	 92827
1	 9	 0	 151987
2	 2	 0	 29783
6	 8	 0	 143055
4	 4	 0	 84283
0	 1	 0	 22421
0	 0	 0	 2425
3	 2	 0	 111385
2	 1	 0	 57971
2	 6	 0	 147743
2	 3	 0	 26588
2	 3	 0	 68418
5	 2	 0	 121451
1	 0	 0	 21114
0	 2	 0	 25165
2	 5	 0	 96629
0	 2	 0	 23492
4	 3	 0	 131294
1	 2	 0	 24085
0	 5	 0	 44178
2	 3	 0	 105001
0	 0	 0	 12525
0	 1	 0	 31803
4	 3	 1	 100384
2	 4	 0	 77183
4	 6	 0	 129131
0	 0	 0	 106
2	 6	 0	 133704
6	 7	 0	 87084
1	 2	 0	 27853
0	 1	 0	 26542
2	 5	 0	 103747
4	 4	 0	 89989
