A	 C	 G	 T
5	 83332	 3	 27
1	 32046	 2	 32
5	 155143	 5	 75
4	 115815	 2	 48
8	 109863	 1	 50
1	 36942	 0	 29
1	 85920	 0	 22
5	 91577	 2	 35
7	 120075	 0	 49
2	 43162	 3	 47
6	 141401	 0	 68
5	 103215	 2	 42
8	 141642	 1	 54
1	 36151	 0	 42
8	 112361	 1	 46
1	 94160	 3	 35
8	 154030	 2	 55
1	 38528	 0	 29
5	 143843	 1	 61
6	 85383	 2	 23
0	 29687	 3	 29
1	 4789	 0	 11
8	 112893	 6	 46
0	 58797	 1	 21
5	 148490	 1	 61
2	 35011	 0	 32
1	 69535	 0	 31
9	 123266	 1	 42
2	 28073	 0	 30
1	 34033	 0	 51
5	 97852	 1	 39
2	 27419	 0	 12
5	 133352	 4	 45
1	 34293	 2	 48
1	 44797	 0	 21
0	 106706	 3	 40
1	 18735	 0	 38
0	 42578	 0	 42
4	 102008	 2	 36
8	 78418	 0	 34
9	 130907	 1	 56
0	 108	 0	 0
4	 143324	 3	 74
4	 88152	 0	 47
1	 36124	 0	 34
1	 35468	 1	 44
6	 105207	 1	 52
3	 91464	 3	 31
