A	 C	 G	 T
4	 82575	 3	 1
1	 25689	 0	 1
2	 153740	 3	 7
2	 114837	 0	 4
3	 109027	 0	 3
0	 31961	 1	 1
3	 85069	 0	 4
1	 90775	 0	 2
6	 118983	 0	 3
0	 39463	 0	 0
1	 140235	 1	 2
2	 101892	 0	 4
6	 140348	 0	 4
1	 31635	 0	 2
1	 111464	 0	 6
3	 93373	 0	 2
2	 152733	 0	 3
0	 34272	 0	 0
4	 142670	 2	 5
3	 84623	 0	 0
0	 25551	 0	 1
0	 2712	 0	 0
2	 111943	 0	 2
1	 58311	 0	 2
3	 147255	 0	 3
0	 31347	 1	 0
2	 68914	 1	 2
6	 122163	 1	 2
0	 24147	 0	 0
0	 29721	 0	 1
2	 97026	 1	 0
1	 23546	 0	 0
4	 132167	 0	 8
1	 29002	 1	 1
1	 44440	 2	 1
5	 105786	 1	 4
0	 14328	 0	 0
0	 36798	 0	 0
3	 101022	 0	 1
2	 77713	 1	 2
2	 129857	 3	 2
0	 105	 0	 0
8	 137582	 1	 2
4	 87412	 2	 0
1	 32085	 1	 1
2	 30670	 0	 2
2	 104322	 0	 1
0	 90744	 2	 0
