A	 C	 G	 T
36	 28	 71143	 13
9	 9	 17449	 2
68	 78	 128792	 22
49	 64	 88825	 12
32	 78	 82252	 9
14	 17	 20120	 3
26	 32	 66869	 12
33	 52	 69726	 11
39	 65	 99680	 13
11	 24	 26898	 2
47	 77	 122805	 14
38	 75	 86539	 15
54	 80	 122015	 14
10	 26	 20422	 5
38	 67	 94201	 13
31	 60	 76693	 16
58	 75	 126333	 21
7	 16	 22416	 3
61	 83	 120563	 17
33	 47	 71442	 21
7	 9	 17779	 0
1	 3	 1740	 0
40	 65	 99992	 11
30	 34	 46033	 10
50	 81	 119611	 29
11	 17	 22574	 2
23	 35	 58158	 7
42	 67	 98143	 17
10	 13	 17179	 1
5	 14	 21718	 0
42	 56	 81135	 9
4	 17	 22970	 3
49	 85	 104123	 13
9	 15	 19130	 3
15	 19	 36438	 5
35	 62	 88134	 15
1	 13	 9407	 0
13	 17	 25895	 3
42	 55	 83594	 24
32	 52	 61795	 8
52	 79	 107161	 12
0	 0	 87	 0
46	 81	 112991	 15
36	 55	 76551	 8
7	 17	 21259	 2
7	 9	 21862	 1
39	 50	 87177	 13
34	 56	 77314	 7
