A	 C	 G	 T
681	 0	 1	 0
116	 0	 0	 0
932	 0	 0	 0
552	 0	 0	 0
651	 0	 0	 0
151	 0	 0	 0
514	 0	 0	 0
765	 0	 1	 0
583	 0	 0	 0
261	 0	 0	 0
858	 0	 0	 0
534	 0	 1	 0
1015	 0	 0	 0
172	 0	 0	 0
842	 0	 0	 0
499	 0	 0	 0
945	 0	 0	 0
195	 0	 0	 0
875	 0	 1	 0
397	 0	 0	 0
143	 0	 0	 0
11	 0	 0	 0
823	 0	 1	 0
321	 0	 0	 0
1136	 0	 0	 0
148	 0	 0	 0
463	 0	 0	 0
649	 0	 1	 0
139	 0	 0	 0
135	 0	 0	 0
895	 0	 0	 1
149	 0	 0	 0
650	 0	 0	 0
145	 0	 0	 0
295	 0	 0	 0
575	 0	 0	 0
46	 0	 0	 0
250	 0	 0	 0
712	 0	 0	 0
487	 0	 0	 0
955	 0	 0	 0
0	 0	 0	 0
802	 0	 0	 0
508	 0	 0	 0
135	 0	 0	 0
200	 0	 0	 0
849	 0	 0	 0
551	 0	 0	 0
