A	 C	 G	 T
3	 1	 72431	 2
2	 1	 18962	 1
5	 5	 132596	 6
4	 8	 99306	 8
4	 2	 94863	 6
1	 0	 23527	 1
2	 5	 73663	 3
5	 2	 78589	 5
5	 10	 103867	 15
3	 1	 28860	 2
9	 6	 123886	 3
5	 2	 89823	 8
9	 6	 121191	 2
4	 3	 23503	 1
8	 1	 96915	 9
1	 3	 81247	 3
2	 4	 133139	 4
6	 1	 25994	 3
10	 10	 125324	 9
4	 6	 73457	 4
3	 2	 19357	 1
0	 0	 2070	 0
8	 7	 97024	 11
4	 0	 50719	 2
4	 9	 129154	 11
5	 0	 22661	 1
3	 3	 59898	 3
5	 4	 106248	 10
2	 0	 18539	 1
3	 1	 22123	 0
7	 5	 85029	 2
1	 3	 20668	 4
12	 3	 115377	 6
1	 2	 20918	 1
1	 0	 39062	 3
6	 6	 91812	 8
1	 0	 10915	 0
2	 1	 27554	 3
4	 5	 88184	 3
6	 7	 67670	 5
5	 5	 113362	 13
0	 0	 94	 0
6	 8	 116899	 4
3	 1	 75249	 3
0	 1	 24175	 1
1	 0	 22963	 1
2	 3	 90723	 1
2	 3	 78305	 8
