A	 C	 G	 T
4	 7	 0	 80763
1	 3	 0	 25034
4	 8	 1	 151005
2	 3	 2	 112405
2	 6	 0	 107224
0	 2	 0	 31177
1	 0	 1	 83054
2	 5	 1	 89053
2	 1	 2	 116213
0	 6	 1	 38514
1	 5	 1	 137784
1	 5	 0	 100651
1	 7	 0	 137937
2	 5	 0	 30811
0	 3	 0	 109584
1	 5	 1	 91465
2	 8	 1	 149874
0	 2	 0	 33447
4	 11	 1	 139954
0	 6	 0	 83126
0	 3	 0	 24899
0	 0	 0	 2625
1	 9	 1	 109331
1	 4	 0	 57266
5	 4	 0	 144452
0	 2	 0	 30618
0	 1	 0	 67657
0	 4	 1	 119945
0	 3	 1	 23644
0	 2	 1	 28824
2	 4	 1	 95155
0	 2	 0	 23024
0	 5	 1	 129633
2	 3	 1	 28143
0	 1	 0	 43762
2	 5	 1	 103810
0	 2	 0	 14109
0	 5	 1	 35821
1	 5	 1	 99137
0	 4	 1	 76089
2	 11	 0	 127378
0	 0	 0	 103
1	 10	 0	 134490
1	 6	 0	 85772
0	 6	 1	 31108
0	 1	 0	 29964
1	 4	 1	 102487
1	 0	 1	 89102
