A	 C	 G	 T
4	 2	 0	 81335
0	 2	 0	 21517
5	 7	 0	 151167
1	 6	 0	 113132
2	 2	 0	 107378
1	 2	 0	 27015
4	 5	 0	 83925
7	 2	 0	 89288
5	 6	 0	 117531
2	 0	 0	 32658
4	 6	 0	 138238
5	 2	 0	 101095
8	 6	 0	 138676
4	 1	 0	 26757
9	 4	 0	 109986
3	 6	 0	 92008
7	 10	 1	 150515
2	 2	 0	 29462
5	 11	 0	 141668
3	 5	 0	 83488
1	 0	 0	 22146
0	 0	 0	 2402
6	 10	 0	 110040
4	 2	 1	 57391
12	 8	 0	 145820
2	 1	 0	 26308
4	 4	 0	 67733
6	 7	 0	 120227
3	 3	 0	 20907
0	 1	 0	 24923
4	 8	 0	 95692
1	 0	 0	 23273
6	 4	 0	 130000
0	 2	 0	 23832
5	 1	 0	 43806
6	 7	 0	 103926
1	 0	 0	 12398
1	 0	 0	 31402
3	 4	 0	 99520
5	 2	 0	 76487
8	 10	 0	 127883
0	 0	 0	 104
3	 5	 0	 132353
3	 4	 0	 86245
1	 1	 0	 27577
1	 1	 0	 26279
3	 6	 0	 102777
3	 2	 0	 88811
