A	 C	 G	 T
1	 82018	 0	 1
1	 25540	 0	 2
3	 153368	 1	 2
4	 114277	 0	 3
3	 108790	 0	 3
1	 31740	 0	 2
3	 84639	 0	 1
2	 90541	 0	 3
3	 118518	 0	 4
4	 39282	 0	 2
5	 139860	 0	 2
5	 102087	 1	 2
10	 140013	 1	 3
0	 31439	 0	 1
2	 111147	 1	 2
2	 92903	 0	 2
8	 152216	 0	 1
2	 34110	 0	 2
7	 142315	 1	 2
3	 84381	 0	 1
0	 25382	 0	 0
0	 2685	 0	 0
0	 111106	 0	 2
3	 58118	 0	 1
3	 146771	 1	 1
0	 31236	 0	 0
0	 68679	 0	 2
2	 121810	 1	 4
1	 24009	 0	 1
2	 29415	 0	 1
1	 96693	 0	 2
1	 23403	 0	 0
12	 131717	 0	 4
1	 28824	 0	 1
1	 44369	 0	 1
5	 105473	 0	 3
1	 14363	 0	 1
1	 36572	 0	 0
3	 100780	 2	 2
3	 77231	 0	 2
3	 129460	 0	 1
0	 106	 0	 0
1	 136757	 0	 1
1	 87187	 0	 4
0	 31859	 1	 2
1	 30518	 0	 1
5	 104100	 0	 1
4	 90492	 0	 1
