A	 C	 G	 T
1	 3	 2	 81776
0	 3	 1	 25511
5	 11	 2	 153426
1	 6	 2	 113785
2	 5	 1	 108926
0	 3	 0	 31659
0	 3	 0	 84494
1	 4	 0	 90295
2	 9	 0	 117916
1	 3	 1	 39314
3	 6	 2	 140020
2	 4	 0	 101468
3	 11	 0	 140174
3	 2	 0	 31350
1	 9	 0	 110895
4	 10	 0	 92576
3	 11	 4	 152369
1	 0	 0	 34194
3	 8	 0	 142404
2	 3	 0	 84175
1	 0	 0	 25437
0	 0	 0	 2674
3	 4	 1	 111151
0	 2	 0	 58136
4	 9	 1	 146800
1	 2	 0	 31154
1	 5	 0	 68824
4	 7	 0	 121397
0	 2	 0	 24054
1	 3	 0	 29504
0	 4	 0	 96802
0	 0	 0	 23397
4	 8	 0	 131350
1	 1	 0	 28683
3	 2	 0	 44274
2	 7	 0	 105136
0	 0	 0	 14232
2	 2	 0	 36662
2	 2	 0	 100901
1	 9	 0	 76950
3	 7	 1	 129616
0	 0	 0	 106
5	 9	 0	 136908
5	 4	 0	 87205
2	 1	 0	 31824
0	 0	 0	 30565
1	 8	 0	 103885
3	 9	 1	 90162
