A	 C	 G	 T
4	 9	 0	 82647
2	 19	 3	 31637
9	 17	 2	 153751
7	 14	 0	 114707
5	 9	 1	 109054
7	 19	 2	 36561
5	 7	 1	 85247
2	 16	 0	 90838
6	 18	 2	 119323
1	 13	 1	 42747
9	 13	 0	 140296
3	 9	 1	 102461
4	 18	 0	 140476
1	 20	 1	 35745
2	 12	 3	 111391
9	 8	 0	 93378
7	 19	 0	 152768
5	 17	 2	 38217
8	 20	 1	 142642
7	 16	 0	 84672
4	 22	 0	 29431
0	 11	 1	 4705
11	 11	 0	 111867
5	 7	 1	 58276
5	 20	 1	 147237
1	 23	 1	 34622
6	 17	 1	 68909
9	 6	 1	 122121
2	 15	 1	 27798
3	 22	 2	 33719
6	 9	 1	 97052
264	 18	 2	 26851
5	 11	 0	 132181
5	 21	 0	 33914
0	 5	 0	 44406
4	 7	 0	 105646
3	 24	 0	 18530
1	 16	 1	 42172
7	 11	 0	 101093
5	 8	 0	 77581
8	 15	 0	 129831
0	 0	 0	 107
11	 36	 0	 142048
2	 11	 0	 87416
5	 19	 1	 35886
5	 28	 2	 35141
6	 12	 0	 104307
3	 8	 6	 90621
