A	 C	 G	 T
4	 9	 1	 80655
1	 4	 0	 21234
5	 17	 3	 149670
2	 8	 1	 112182
9	 9	 0	 106599
0	 3	 1	 26735
1	 4	 2	 83163
7	 9	 1	 88525
6	 5	 2	 116644
2	 4	 0	 32263
3	 10	 3	 137334
4	 7	 2	 100356
5	 8	 2	 137522
0	 6	 0	 26490
7	 7	 0	 109149
7	 6	 2	 91185
3	 11	 4	 149194
1	 3	 0	 29195
10	 9	 2	 140015
3	 7	 0	 82681
1	 3	 0	 21978
0	 0	 0	 2374
5	 5	 2	 109149
1	 6	 0	 56935
6	 7	 2	 144527
4	 12	 2	 26058
2	 5	 0	 66977
8	 13	 0	 119186
2	 2	 1	 20742
2	 2	 0	 24675
3	 6	 2	 94874
1	 0	 0	 23054
6	 5	 5	 128407
0	 6	 0	 23628
2	 5	 1	 43492
6	 7	 1	 103033
0	 3	 0	 12261
0	 4	 0	 31104
6	 7	 1	 98667
1	 8	 0	 75936
7	 11	 1	 126311
0	 0	 0	 104
6	 8	 0	 131286
3	 5	 0	 85410
0	 5	 0	 27327
2	 4	 0	 26012
4	 8	 0	 101878
3	 5	 1	 87957
