A	 C	 G	 T
2	 4	 1	 81588
1	 2	 0	 25348
4	 57	 4	 152417
2	 14	 1	 113291
2	 15	 0	 108274
0	 6	 0	 31505
1	 5	 0	 84249
3	 144	 0	 89907
0	 105	 2	 117500
0	 8	 0	 38963
0	 10	 1	 139171
6	 10	 1	 101371
2	 13	 1	 139176
0	 4	 1	 31158
2	 14	 1	 110495
1	 8	 1	 92375
2	 16	 2	 151360
1	 7	 0	 33861
2	 130	 7	 141459
3	 8	 1	 83889
0	 3	 1	 25199
0	 0	 0	 2653
2	 18	 2	 110439
0	 6	 0	 57826
3	 13	 0	 145823
2	 2	 2	 30991
0	 5	 2	 68334
4	 9	 0	 121041
0	 7	 0	 23887
1	 16	 0	 29163
1	 12	 1	 96157
0	 3	 0	 23247
0	 13	 3	 130957
1	 13	 0	 28509
1	 2	 0	 44138
5	 7	 1	 104773
2	 1	 0	 14193
0	 4	 0	 36298
3	 80	 2	 100121
1	 7	 0	 76647
2	 40	 3	 128700
0	 0	 0	 104
3	 51	 1	 135882
1	 5	 0	 86614
3	 5	 1	 31522
1	 1	 2	 30287
1	 9	 3	 103477
1	 14	 2	 89891
