A	 C	 G	 T
1	 5	 1	 80441
0	 2	 0	 24940
1	 6	 0	 150612
3	 5	 0	 111871
0	 7	 1	 106899
0	 4	 0	 30928
2	 6	 0	 83186
2	 3	 0	 88698
0	 11	 0	 116585
1	 5	 2	 38247
5	 8	 0	 137306
4	 4	 1	 100297
3	 5	 0	 137389
1	 5	 1	 30622
2	 10	 2	 109046
1	 2	 0	 91073
3	 5	 1	 149443
0	 0	 0	 33340
6	 5	 1	 139460
0	 5	 1	 82759
0	 1	 1	 24804
0	 0	 0	 2613
3	 6	 1	 108932
2	 1	 1	 57042
6	 9	 1	 143904
1	 7	 0	 30415
2	 1	 0	 67472
0	 5	 1	 119313
1	 1	 0	 23480
0	 5	 0	 28515
6	 4	 0	 94807
0	 0	 0	 22908
0	 6	 0	 129030
2	 2	 0	 27954
0	 0	 0	 43566
3	 5	 0	 103324
0	 1	 0	 14017
1	 6	 0	 35610
3	 5	 1	 98773
1	 5	 0	 75775
3	 6	 1	 127015
1	 0	 0	 103
2	 5	 0	 133868
0	 5	 2	 85394
0	 2	 0	 31240
1	 5	 0	 29798
3	 5	 0	 102086
1	 7	 0	 88578
