A	 C	 G	 T
2	 4	 1	 80786
1	 2	 0	 21263
2	 11	 2	 149842
0	 9	 2	 112405
0	 10	 4	 106697
1	 3	 0	 26776
1	 7	 0	 83291
0	 5	 2	 88669
1	 6	 1	 116814
1	 3	 1	 32308
0	 12	 3	 137405
1	 3	 1	 100451
3	 11	 2	 137689
0	 3	 0	 26528
1	 3	 3	 109342
1	 7	 1	 91275
1	 10	 2	 149462
0	 1	 0	 29237
1	 4	 5	 140106
0	 8	 0	 82769
1	 3	 0	 22007
0	 1	 0	 2377
3	 4	 0	 109334
1	 3	 1	 57004
2	 9	 2	 144667
2	 4	 2	 26092
0	 4	 0	 67005
2	 5	 2	 119314
0	 0	 0	 20777
0	 2	 0	 24699
0	 12	 2	 95026
1	 4	 0	 23068
0	 9	 0	 128632
0	 5	 0	 23662
1	 1	 2	 43549
0	 7	 1	 103128
0	 1	 0	 12282
1	 4	 2	 31153
0	 5	 1	 98836
0	 6	 1	 76062
0	 10	 1	 126542
0	 0	 0	 105
5	 13	 0	 131376
2	 6	 1	 85466
0	 3	 1	 27368
1	 0	 0	 26062
1	 8	 1	 102096
1	 8	 0	 88021
