A	 C	 G	 T
1	 6	 0	 82485
1	 3	 0	 21802
2	 16	 1	 152981
1	 13	 0	 114486
2	 11	 0	 108621
0	 2	 0	 27349
4	 22	 0	 84986
3	 11	 0	 90317
2	 14	 0	 119268
2	 7	 0	 33072
0	 12	 0	 139994
2	 8	 0	 102268
1	 10	 1	 140222
1	 5	 0	 27113
3	 12	 0	 111246
2	 12	 0	 93029
4	 15	 0	 152216
0	 5	 0	 29830
3	 10	 0	 143295
3	 13	 0	 84418
0	 2	 0	 22437
0	 0	 0	 2434
2	 6	 0	 111655
1	 6	 0	 58082
3	 18	 0	 148039
0	 8	 0	 26649
0	 5	 0	 68523
3	 12	 0	 121638
0	 6	 0	 21158
0	 1	 0	 25224
0	 13	 0	 96852
0	 1	 0	 23556
0	 19	 1	 131526
1	 1	 0	 24142
1	 3	 0	 44251
4	 16	 0	 105155
1	 2	 0	 12547
1	 4	 0	 31836
4	 13	 0	 100561
3	 9	 0	 77314
4	 12	 2	 129318
0	 0	 0	 105
2	 15	 0	 133928
2	 15	 0	 87230
0	 3	 0	 27896
0	 4	 1	 26603
0	 18	 1	 103923
1	 8	 0	 90186
