A	 C	 G	 T
81543	 0	 11	 0
21506	 0	 3	 0
151253	 0	 19	 3
113116	 1	 8	 3
107427	 0	 14	 0
26973	 0	 4	 3
83966	 0	 10	 1
89233	 0	 11	 3
117857	 3	 9	 3
32621	 0	 4	 2
138410	 1	 14	 6
101188	 1	 8	 4
138553	 2	 12	 2
26768	 0	 1	 1
110007	 2	 11	 5
91944	 1	 9	 2
150427	 0	 24	 2
29462	 0	 2	 0
141679	 0	 18	 13
83485	 0	 6	 2
22149	 1	 1	 0
2404	 0	 0	 0
110370	 0	 9	 1
57447	 1	 5	 1
146233	 1	 13	 2
26275	 0	 0	 1
67748	 0	 8	 0
120238	 0	 9	 3
20921	 0	 0	 0
24899	 0	 3	 0
95659	 0	 5	 0
23274	 0	 3	 1
129974	 2	 6	 4
23789	 0	 3	 0
43788	 0	 4	 1
103966	 0	 3	 4
12373	 0	 2	 0
31439	 0	 4	 2
99470	 2	 8	 1
76491	 2	 8	 1
127792	 0	 11	 1
105	 0	 0	 0
132420	 0	 13	 6
86345	 1	 7	 2
27533	 0	 6	 0
26271	 0	 1	 0
102712	 0	 12	 0
88941	 1	 15	 1
