A	 C	 G	 T
0	 82706	 1	 1
1	 25798	 1	 2
6	 154197	 4	 2
3	 114427	 1	 4
5	 109381	 2	 5
2	 32020	 2	 4
2	 85185	 1	 2
6	 91031	 1	 7
6	 118690	 1	 5
4	 39613	 1	 2
8	 140622	 0	 9
1	 102337	 0	 9
9	 140846	 4	 9
5	 31684	 3	 2
4	 111806	 3	 10
5	 93736	 0	 3
9	 153159	 3	 8
0	 34369	 0	 0
3	 143020	 2	 9
4	 84957	 0	 3
2	 25621	 2	 1
0	 2699	 1	 0
4	 112268	 1	 3
1	 58487	 2	 6
7	 147759	 4	 7
1	 31441	 1	 3
6	 69156	 1	 2
7	 122606	 1	 7
1	 24182	 0	 3
0	 29811	 1	 5
3	 97288	 1	 5
0	 23581	 0	 0
3	 132516	 1	 8
1	 29030	 1	 1
3	 44589	 0	 2
6	 106057	 4	 6
0	 14412	 0	 2
0	 36850	 0	 2
2	 101353	 0	 4
3	 77804	 2	 6
7	 130277	 3	 6
0	 104	 0	 0
4	 138017	 3	 6
5	 87677	 2	 1
0	 31930	 3	 2
1	 30777	 0	 3
6	 104698	 3	 3
4	 90993	 4	 5
