A	 C	 G	 T
1	 4	 3	 76111
0	 3	 0	 19766
1	 3	 1	 140939
4	 3	 3	 104169
2	 2	 1	 98368
3	 0	 0	 24424
0	 2	 1	 77533
0	 3	 1	 82091
2	 1	 0	 109295
1	 6	 0	 29899
2	 6	 0	 130956
1	 3	 0	 94033
1	 4	 2	 125290
0	 2	 0	 24368
0	 2	 0	 102150
1	 5	 0	 85218
2	 8	 0	 139083
0	 1	 1	 26852
4	 8	 1	 131634
0	 0	 0	 77300
0	 1	 0	 20021
0	 0	 0	 2145
1	 1	 0	 103991
2	 2	 0	 52915
3	 2	 1	 134621
0	 3	 0	 24302
2	 0	 0	 63063
5	 9	 0	 111636
0	 2	 0	 19129
0	 2	 0	 23246
1	 1	 0	 88462
0	 0	 0	 21618
2	 4	 0	 120004
0	 2	 0	 21673
0	 1	 0	 40596
2	 2	 0	 96633
0	 1	 0	 11269
0	 2	 0	 28698
1	 2	 0	 91966
1	 2	 0	 70880
2	 7	 0	 118058
0	 0	 0	 98
3	 3	 1	 122571
0	 2	 0	 81086
0	 1	 0	 24971
0	 5	 0	 24019
1	 1	 0	 95078
1	 4	 1	 82610
