A	 C	 G	 T
1	 80878	 1	 0
1	 21416	 0	 2
5	 150366	 2	 3
2	 112581	 0	 0
6	 106863	 0	 0
1	 26876	 0	 0
3	 83543	 0	 2
4	 88768	 0	 1
2	 116951	 0	 2
1	 32486	 0	 0
3	 137654	 0	 1
0	 100575	 0	 1
6	 137737	 0	 4
0	 26625	 0	 1
6	 109452	 0	 2
1	 91596	 0	 0
7	 149624	 0	 1
5	 29316	 0	 2
0	 140917	 1	 0
4	 83048	 0	 0
1	 22034	 0	 0
0	 2380	 0	 0
8	 109344	 1	 1
5	 57110	 0	 0
2	 145046	 2	 0
1	 26156	 0	 1
3	 67455	 0	 1
6	 119642	 0	 2
2	 20806	 0	 2
1	 24791	 0	 0
7	 95124	 0	 2
3	 23157	 0	 0
8	 129314	 0	 1
1	 23713	 0	 1
3	 43578	 0	 0
2	 103434	 0	 1
1	 12317	 0	 3
1	 31202	 0	 3
9	 98910	 0	 1
3	 76173	 0	 1
9	 127122	 0	 0
0	 105	 0	 0
8	 131720	 0	 4
2	 85745	 0	 0
1	 27425	 0	 1
1	 26120	 0	 0
3	 102152	 0	 0
4	 88340	 0	 0
