A	 C	 G	 T
82668	 0	 0	 3
25678	 0	 1	 1
154103	 2	 2	 5
114699	 1	 1	 1
109341	 2	 2	 1
31858	 0	 0	 0
85283	 2	 0	 1
90972	 3	 3	 3
119390	 1	 0	 2
39522	 1	 1	 0
140624	 1	 3	 2
102475	 1	 0	 5
140729	 2	 2	 10
31603	 1	 3	 2
111641	 1	 3	 5
93585	 2	 2	 1
153130	 2	 3	 1
34344	 0	 4	 0
142980	 0	 1	 3
84846	 0	 0	 5
25547	 0	 1	 0
2696	 0	 0	 0
112151	 1	 5	 4
58410	 0	 1	 3
147533	 3	 3	 3
31419	 0	 2	 2
69136	 1	 1	 1
122416	 2	 2	 2
24166	 0	 0	 1
29604	 0	 2	 0
97238	 3	 2	 6
23595	 0	 1	 3
132422	 1	 2	 2
28960	 0	 1	 0
44548	 1	 1	 0
105793	 1	 4	 2
14426	 0	 0	 0
36748	 2	 1	 0
101289	 1	 1	 1
77695	 0	 2	 3
130212	 2	 2	 3
106	 0	 0	 0
137877	 3	 2	 4
87576	 1	 2	 5
32181	 0	 1	 0
30682	 1	 1	 0
104570	 1	 5	 1
90686	 1	 2	 2
