A	 C	 G	 T
7	 80478	 1	 6
2	 24957	 0	 0
6	 150416	 1	 10
1	 111940	 2	 12
3	 106820	 0	 5
0	 31028	 1	 4
3	 82658	 1	 8
3	 88720	 0	 8
8	 115628	 3	 6
3	 38361	 0	 4
8	 137354	 0	 12
2	 100248	 0	 9
3	 137450	 3	 13
0	 30696	 0	 2
7	 109106	 0	 5
5	 91166	 1	 4
4	 149344	 1	 11
0	 33316	 0	 2
3	 139482	 1	 4
1	 82810	 2	 4
0	 24860	 0	 1
0	 2607	 0	 1
3	 108887	 3	 8
1	 57102	 0	 5
4	 143938	 1	 7
0	 30517	 0	 2
2	 67363	 1	 5
0	 119517	 0	 6
0	 23545	 0	 4
1	 28708	 0	 3
1	 94832	 1	 9
4	 22926	 0	 2
6	 129154	 1	 16
2	 28009	 0	 3
0	 43548	 1	 5
9	 103378	 1	 2
0	 14042	 0	 0
3	 35712	 0	 0
1	 98808	 0	 7
3	 75725	 1	 4
4	 126961	 1	 4
0	 104	 0	 0
5	 134028	 1	 8
0	 85460	 0	 4
1	 30938	 0	 3
0	 29858	 0	 3
2	 102119	 1	 7
5	 88780	 0	 5
