A	 C	 G	 T
82413	 0	 2	 0
21782	 0	 0	 0
152871	 1	 0	 0
114392	 0	 1	 0
108513	 1	 1	 1
27324	 1	 0	 0
84886	 1	 1	 1
90247	 0	 1	 1
119158	 2	 0	 0
33035	 0	 1	 0
139933	 0	 5	 0
102211	 2	 2	 0
140128	 2	 0	 0
27088	 0	 1	 1
111118	 0	 1	 1
92960	 0	 2	 1
152054	 0	 2	 1
29817	 0	 1	 0
143181	 0	 1	 1
84371	 0	 0	 0
22415	 0	 0	 0
2431	 0	 0	 0
111566	 0	 0	 3
58021	 0	 0	 0
147897	 0	 2	 1
26630	 0	 1	 1
68458	 0	 0	 0
121601	 1	 1	 0
21143	 0	 0	 0
25220	 0	 0	 0
96754	 0	 0	 3
23509	 0	 3	 0
131428	 0	 3	 1
24118	 0	 1	 0
44217	 0	 0	 1
105088	 1	 0	 0
12535	 0	 1	 0
31802	 0	 1	 0
100465	 0	 4	 0
77249	 0	 0	 1
129180	 0	 3	 1
105	 0	 0	 0
133783	 0	 4	 0
87192	 0	 1	 0
27859	 0	 0	 0
26566	 0	 0	 0
103850	 0	 2	 0
90147	 1	 1	 1
