A	 C	 G	 T
12	 83292	 1	 32
4	 21940	 0	 13
20	 154412	 0	 71
21	 115585	 2	 62
17	 109655	 3	 58
2	 27565	 3	 14
12	 85886	 9	 30
14	 91229	 0	 50
15	 120407	 0	 56
7	 33358	 0	 32
16	 141355	 0	 66
15	 103253	 0	 51
19	 141513	 1	 66
6	 27327	 0	 18
18	 112370	 4	 56
13	 93952	 3	 43
10	 153598	 2	 61
7	 30059	 0	 27
22	 144662	 33	 54
10	 85250	 1	 57
1	 22603	 0	 23
0	 2460	 0	 0
17	 112751	 2	 57
9	 58635	 1	 29
26	 149352	 1	 63
5	 26895	 0	 20
10	 69261	 3	 21
18	 122826	 1	 54
4	 21327	 0	 16
2	 25430	 0	 22
15	 97810	 2	 53
7	 27386	 8	 16
10	 132889	 0	 66
4	 24294	 1	 15
4	 44672	 2	 22
16	 106243	 2	 45
3	 12628	 0	 12
4	 32084	 0	 25
17	 101542	 1	 55
19	 78106	 3	 37
18	 130604	 0	 57
0	 108	 0	 0
24	 135246	 5	 62
20	 88140	 1	 33
8	 28090	 0	 13
2	 26832	 0	 20
14	 104920	 5	 55
17	 91156	 2	 41
