A	 C	 G	 T
82888	 0	 0	 4
21885	 0	 1	 2
153590	 0	 0	 7
115008	 0	 4	 3
109120	 0	 3	 6
27461	 0	 0	 1
85403	 0	 1	 3
90770	 0	 0	 2
119789	 2	 0	 3
33224	 0	 0	 0
140590	 0	 1	 2
102710	 0	 0	 1
140812	 0	 0	 10
27251	 0	 0	 0
111781	 0	 1	 4
93447	 1	 1	 0
152849	 0	 0	 2
29941	 0	 0	 0
143894	 0	 0	 6
84813	 0	 0	 6
22550	 0	 1	 2
2444	 0	 0	 0
112140	 0	 0	 4
58329	 1	 0	 1
148658	 0	 1	 4
26801	 0	 0	 3
68842	 0	 0	 3
122252	 0	 2	 4
21269	 0	 2	 2
25328	 0	 0	 4
97276	 0	 0	 3
23672	 0	 1	 0
132174	 0	 1	 2
24218	 0	 1	 2
44415	 0	 1	 2
105672	 0	 0	 3
12605	 0	 0	 0
31967	 0	 0	 0
101032	 0	 2	 4
77657	 0	 1	 3
129851	 0	 4	 6
105	 0	 0	 0
134555	 0	 1	 6
87665	 0	 1	 2
27996	 0	 1	 1
26696	 0	 0	 0
104440	 0	 0	 3
90589	 0	 1	 3
