A	 C	 G	 T
1	 0	 79551	 11
1	 0	 24619	 6
6	 2	 148834	 6
3	 0	 110654	 5
7	 1	 105657	 4
0	 0	 30560	 3
1	 1	 82074	 7
0	 3	 87708	 2
3	 0	 114971	 14
4	 2	 37735	 8
5	 4	 135800	 3
8	 2	 99328	 3
3	 2	 135795	 7
2	 2	 30229	 9
4	 3	 107912	 6
5	 0	 90069	 2
10	 5	 147789	 10
0	 0	 32863	 6
7	 3	 137967	 4
3	 0	 81928	 5
1	 0	 24502	 7
0	 0	 2565	 0
2	 4	 107731	 5
3	 0	 56454	 9
9	 3	 142183	 8
2	 0	 30061	 2
5	 2	 66750	 7
3	 2	 118070	 7
3	 0	 23201	 3
2	 0	 28215	 4
7	 2	 93770	 5
2	 0	 22645	 4
5	 3	 127510	 11
0	 0	 27619	 4
4	 1	 43041	 1
5	 2	 102085	 6
0	 0	 13832	 4
2	 2	 35143	 7
3	 2	 97716	 7
1	 3	 74874	 5
8	 3	 125445	 7
0	 0	 105	 0
4	 1	 132254	 14
0	 1	 84490	 4
3	 1	 30712	 9
0	 0	 29334	 4
5	 1	 101001	 7
3	 0	 87635	 12
