A	 C	 G	 T
1	 2	 81836	 3
0	 0	 21616	 0
1	 1	 151416	 4
3	 0	 113477	 5
1	 1	 107712	 5
1	 0	 27079	 1
1	 2	 84247	 0
0	 1	 89487	 7
1	 1	 118295	 4
0	 0	 32785	 1
1	 0	 138777	 2
2	 0	 101446	 8
1	 0	 138862	 7
1	 1	 26862	 0
2	 0	 110268	 2
1	 0	 92195	 2
2	 2	 150917	 6
2	 0	 29571	 0
3	 3	 142186	 7
2	 0	 83661	 1
0	 0	 22194	 0
0	 0	 2406	 0
1	 1	 110799	 2
0	 0	 57559	 0
0	 1	 146778	 6
1	 0	 26368	 0
2	 0	 67978	 2
0	 0	 120533	 10
0	 0	 20948	 1
1	 0	 24950	 0
0	 2	 95993	 2
0	 0	 23311	 1
1	 0	 130448	 3
1	 0	 23918	 3
1	 0	 43888	 1
0	 7	 104302	 5
0	 0	 12420	 0
0	 2	 31539	 1
0	 0	 99698	 5
0	 0	 76702	 1
1	 2	 128233	 2
0	 0	 104	 0
1	 0	 132925	 2
3	 0	 86282	 7
0	 0	 27587	 2
1	 0	 26351	 1
4	 1	 103056	 5
1	 1	 89224	 3
