A	 C	 G	 T
78986	 0	 0	 1
20779	 0	 0	 1
147204	 1	 0	 2
110008	 0	 0	 0
104571	 1	 0	 1
26193	 1	 0	 0
81636	 0	 1	 0
86629	 0	 0	 0
114653	 1	 0	 1
31544	 2	 0	 0
134830	 0	 0	 2
98533	 0	 0	 1
135559	 1	 1	 0
25958	 0	 1	 0
106924	 1	 1	 1
88975	 0	 0	 0
146192	 4	 0	 1
28556	 0	 0	 1
137689	 1	 0	 0
81065	 2	 0	 0
21549	 1	 0	 0
2335	 0	 0	 0
106945	 1	 1	 0
55827	 0	 0	 2
141745	 3	 0	 0
25536	 0	 2	 1
65969	 0	 0	 0
117006	 1	 0	 0
20320	 0	 0	 0
24148	 3	 0	 0
92883	 0	 0	 2
22618	 0	 0	 0
125983	 1	 0	 0
23058	 0	 0	 0
42516	 0	 0	 0
101078	 0	 1	 0
12000	 0	 0	 0
30448	 1	 0	 0
96715	 1	 0	 1
74463	 0	 0	 0
123723	 3	 0	 0
100	 0	 0	 0
129208	 1	 1	 0
84012	 1	 0	 1
26807	 0	 0	 1
25522	 0	 0	 0
99771	 1	 0	 1
86493	 1	 0	 0
