A	 C	 G	 T
5	 4	 4	 82857
0	 0	 1	 21881
11	 8	 1	 153553
6	 5	 4	 114959
8	 4	 0	 109098
1	 2	 0	 27469
1	 2	 0	 85367
6	 6	 4	 90746
6	 5	 0	 119780
4	 0	 0	 33216
4	 3	 1	 140573
5	 2	 1	 102705
4	 3	 1	 140810
1	 0	 0	 27235
11	 3	 0	 111762
5	 1	 0	 93443
4	 5	 0	 152848
0	 1	 0	 29936
1	 3	 1	 143881
5	 2	 0	 84800
1	 1	 1	 22531
0	 0	 0	 2444
6	 5	 0	 112119
4	 4	 1	 58300
11	 3	 1	 148635
3	 5	 0	 26784
3	 4	 0	 68827
8	 5	 2	 122217
2	 2	 0	 21262
1	 0	 0	 25329
2	 1	 3	 97245
9	 2	 9	 23675
5	 3	 0	 132128
1	 0	 0	 24216
2	 0	 0	 44421
5	 6	 0	 105621
0	 0	 0	 12592
0	 2	 0	 31967
3	 1	 3	 101025
3	 2	 4	 77646
3	 5	 1	 129820
0	 0	 0	 105
5	 9	 2	 134528
3	 2	 3	 87640
2	 0	 0	 27983
3	 1	 0	 26701
6	 3	 0	 104380
1	 4	 1	 90575
