A	 C	 G	 T
2	 13	 1	 80535
3	 3	 0	 24986
11	 26	 2	 150680
4	 16	 0	 111940
2	 24	 1	 106968
0	 5	 0	 30977
5	 6	 0	 83276
2	 11	 0	 88763
1	 11	 1	 116610
0	 6	 0	 38311
3	 18	 0	 137424
3	 15	 0	 100413
4	 16	 0	 137487
2	 5	 0	 30652
3	 17	 0	 109195
2	 17	 1	 91163
2	 19	 2	 149560
1	 4	 0	 33363
6	 16	 0	 139632
3	 10	 0	 82837
1	 6	 1	 24827
0	 1	 0	 2616
6	 21	 2	 109090
8	 4	 0	 57077
3	 20	 1	 144053
1	 5	 0	 30456
1	 12	 0	 67549
3	 25	 0	 119452
0	 3	 1	 23511
1	 5	 0	 28521
3	 14	 1	 94903
1	 1	 1	 22943
7	 18	 1	 129132
2	 8	 0	 27980
0	 4	 0	 43605
2	 14	 0	 103453
0	 3	 0	 14040
1	 6	 0	 35665
2	 20	 0	 98885
2	 13	 0	 75860
3	 22	 1	 127150
0	 0	 0	 103
3	 19	 1	 133993
2	 16	 0	 85453
2	 1	 0	 31224
5	 3	 0	 29819
7	 12	 2	 102206
3	 23	 0	 88662
