A	 C	 G	 T
82320	 0	 11	 2
25706	 1	 1	 0
153901	 0	 1	 5
114837	 0	 5	 2
109186	 0	 5	 0
31904	 0	 1	 0
85347	 0	 5	 0
90893	 0	 2	 2
119341	 0	 5	 0
39547	 0	 1	 0
140399	 1	 8	 2
102589	 1	 1	 1
140534	 0	 5	 0
31582	 0	 0	 0
111524	 0	 5	 4
93221	 0	 4	 2
152793	 0	 6	 1
34341	 0	 0	 1
142848	 0	 6	 3
84756	 0	 2	 0
25534	 0	 4	 1
2689	 0	 0	 0
111522	 0	 4	 2
58300	 0	 1	 1
147333	 0	 6	 4
31386	 0	 1	 0
69031	 1	 2	 2
122228	 0	 3	 0
24139	 0	 0	 1
29618	 0	 1	 1
97112	 0	 2	 1
23495	 0	 1	 0
132265	 0	 2	 0
28954	 0	 1	 0
44514	 0	 4	 2
105821	 0	 3	 1
14451	 0	 0	 0
36754	 0	 3	 0
101155	 0	 1	 1
77495	 0	 2	 0
129927	 0	 1	 4
106	 0	 0	 0
137304	 0	 6	 1
87500	 0	 2	 0
32197	 0	 3	 1
30673	 0	 1	 0
104407	 0	 3	 0
90751	 0	 3	 0
