A	 C	 G	 T
6	 0	 59819	 2
5	 0	 15953	 0
4	 2	 110582	 6
6	 0	 82984	 5
15	 1	 78667	 8
3	 0	 19962	 2
11	 2	 61643	 3
10	 0	 65389	 0
10	 4	 86266	 7
2	 1	 24365	 1
8	 1	 101352	 4
6	 0	 74417	 2
3	 3	 101880	 3
4	 0	 19818	 0
11	 1	 80791	 6
6	 1	 67504	 6
13	 2	 110712	 9
2	 0	 22043	 2
16	 6	 103440	 8
2	 0	 61142	 3
3	 0	 16373	 0
0	 0	 1763	 0
5	 1	 80754	 10
3	 2	 42082	 2
10	 2	 106974	 6
0	 1	 19727	 0
7	 0	 49486	 5
8	 1	 88420	 2
3	 0	 15454	 0
3	 0	 18210	 0
9	 1	 70323	 2
2	 2	 17030	 2
7	 2	 94761	 7
2	 0	 17404	 3
8	 2	 32799	 4
6	 2	 76154	 3
1	 0	 9103	 1
4	 0	 23201	 1
4	 1	 73254	 4
5	 1	 57167	 1
6	 1	 93564	 7
0	 0	 79	 0
10	 5	 97674	 5
4	 3	 62851	 2
1	 1	 20254	 2
5	 1	 19325	 2
4	 1	 75372	 12
7	 0	 64851	 4
