A	 C	 G	 T
81851	 0	 0	 3
25582	 0	 1	 3
153122	 1	 2	 2
113995	 0	 1	 3
108677	 0	 2	 2
31746	 0	 2	 2
84688	 0	 1	 1
90324	 0	 1	 4
118190	 0	 0	 4
39259	 0	 1	 2
139741	 0	 3	 5
101667	 0	 1	 1
139793	 2	 3	 2
31425	 0	 2	 1
110950	 0	 1	 6
92730	 0	 0	 3
152019	 0	 1	 4
34093	 0	 0	 2
142092	 0	 0	 6
84304	 0	 0	 3
25365	 0	 0	 0
2687	 0	 0	 0
110958	 0	 0	 1
58021	 0	 1	 0
146468	 0	 2	 7
31230	 1	 3	 3
68676	 0	 2	 2
121589	 0	 1	 2
23979	 0	 1	 4
29405	 0	 2	 1
96563	 0	 0	 4
23319	 0	 1	 1
131581	 0	 0	 3
28800	 0	 0	 0
44270	 0	 0	 0
105219	 0	 3	 3
14328	 0	 0	 0
36562	 0	 0	 2
100618	 0	 2	 2
76988	 0	 0	 1
129345	 0	 0	 3
106	 0	 0	 0
136558	 0	 1	 4
87037	 0	 2	 3
31977	 0	 0	 0
30503	 0	 2	 0
103874	 0	 0	 2
90271	 0	 1	 2
