A	 C	 G	 T
82700	 0	 6	 2
21848	 0	 3	 0
153349	 0	 5	 1
114782	 0	 5	 0
108927	 0	 3	 1
27410	 0	 0	 0
85241	 0	 2	 3
90613	 0	 4	 2
119626	 0	 6	 3
33145	 0	 2	 0
140297	 1	 13	 2
102542	 0	 3	 1
140643	 1	 5	 2
27189	 0	 3	 2
111586	 0	 5	 4
93309	 0	 7	 2
152631	 0	 6	 2
29886	 0	 5	 0
143659	 0	 10	 5
84625	 2	 6	 0
22498	 0	 1	 0
2444	 0	 0	 0
111884	 0	 10	 0
58218	 0	 4	 2
148421	 0	 6	 0
26750	 0	 3	 0
68748	 0	 4	 0
122006	 0	 12	 1
21212	 0	 2	 0
25261	 0	 2	 1
97109	 0	 9	 2
23631	 0	 1	 2
131963	 1	 9	 1
24193	 0	 2	 1
44336	 0	 5	 0
105458	 0	 8	 3
12579	 0	 0	 1
31889	 0	 1	 4
100893	 0	 7	 2
77538	 0	 5	 1
129669	 0	 7	 3
106	 0	 0	 0
134350	 0	 9	 3
87470	 0	 9	 2
27955	 0	 3	 1
26669	 0	 1	 1
104215	 0	 7	 0
90402	 0	 11	 2
