A	 C	 G	 T
9	 81303	 0	 2
2	 25255	 0	 1
13	 152016	 1	 2
10	 113081	 2	 6
6	 107882	 1	 1
2	 31335	 0	 1
2	 83959	 1	 2
2	 89519	 0	 3
7	 117491	 2	 6
0	 38755	 0	 1
11	 138681	 0	 8
2	 101237	 0	 2
10	 138698	 0	 1
1	 31056	 1	 1
8	 110121	 1	 1
5	 92013	 2	 0
12	 150894	 3	 1
2	 33728	 0	 1
13	 140856	 4	 3
6	 83550	 0	 1
1	 25100	 0	 0
0	 2646	 0	 0
13	 110059	 0	 4
4	 57631	 0	 0
11	 145457	 1	 2
4	 30810	 0	 3
4	 68134	 0	 1
5	 120620	 1	 1
2	 23760	 0	 1
0	 29044	 2	 3
5	 95896	 1	 3
2	 23149	 1	 1
7	 130405	 1	 4
3	 28394	 1	 1
7	 43988	 0	 0
6	 104379	 1	 5
0	 14194	 1	 0
2	 36082	 0	 1
4	 99806	 0	 1
6	 76494	 0	 0
5	 128257	 0	 2
0	 105	 0	 0
7	 135367	 0	 5
4	 86311	 1	 0
4	 31530	 3	 2
2	 30164	 0	 0
2	 103104	 2	 3
4	 89576	 2	 1
