A	 C	 G	 T
1	 0	 0	 35370
0	 0	 0	 5652
0	 1	 0	 17283
0	 1	 0	 37229
1	 3	 0	 31807
0	 2	 0	 7446
0	 0	 0	 26096
0	 2	 1	 37163
0	 0	 0	 36392
0	 2	 0	 12651
0	 1	 0	 54668
0	 0	 0	 26292
0	 2	 0	 44203
1	 3	 0	 8001
0	 1	 0	 48190
0	 0	 0	 16026
0	 2	 1	 53978
0	 0	 0	 7857
1	 1	 0	 17711
0	 1	 0	 10580
0	 0	 1	 7383
0	 1	 0	 630
0	 0	 0	 41333
0	 2	 0	 14481
0	 2	 0	 31618
0	 2	 0	 9985
0	 1	 0	 9814
0	 0	 0	 21750
0	 1	 0	 7241
1	 0	 0	 7284
0	 1	 0	 45841
0	 1	 0	 2277
0	 1	 0	 35995
0	 0	 0	 8821
0	 0	 0	 26889
0	 1	 0	 29672
0	 0	 0	 4075
0	 0	 0	 10778
0	 0	 0	 37039
2	 0	 0	 25796
0	 1	 0	 48010
0	 0	 0	 38
0	 2	 0	 39159
1	 0	 0	 9189
0	 1	 0	 7980
0	 0	 0	 7408
1	 1	 0	 45847
0	 0	 1	 10908
