A	 C	 G	 T
1	 5	 81390	 7
1	 0	 25297	 7
7	 5	 152777	 7
5	 2	 113285	 10
5	 2	 108410	 4
0	 0	 31389	 7
3	 1	 84175	 7
5	 2	 89841	 9
3	 2	 117472	 7
1	 0	 38992	 8
7	 4	 139325	 13
3	 1	 101086	 6
6	 1	 139467	 3
0	 1	 31091	 3
7	 1	 110380	 11
4	 3	 92068	 3
7	 1	 151664	 19
0	 3	 33925	 6
6	 3	 141841	 7
2	 2	 83724	 4
1	 2	 25237	 3
0	 0	 2658	 0
2	 2	 110658	 8
2	 1	 57820	 3
4	 1	 146034	 6
2	 0	 30918	 9
4	 1	 68500	 4
2	 1	 120716	 5
1	 1	 23898	 8
1	 1	 29231	 5
0	 4	 96290	 11
0	 0	 23279	 1
3	 2	 130636	 12
2	 1	 28446	 2
1	 0	 44073	 2
1	 0	 104592	 8
2	 0	 14108	 0
1	 0	 36380	 9
5	 0	 100404	 6
2	 0	 76559	 5
5	 0	 129102	 7
0	 0	 105	 0
4	 2	 136065	 13
4	 2	 86767	 7
1	 1	 31638	 4
2	 1	 30303	 11
3	 1	 103378	 5
6	 3	 89680	 3
