A	 C	 G	 T
11	 82427	 3	 8
9	 31563	 3	 10
23	 153482	 3	 12
24	 114439	 1	 12
20	 108864	 2	 8
13	 36456	 6	 8
19	 85019	 2	 6
21	 90589	 1	 15
17	 119058	 2	 14
9	 42634	 0	 8
27	 140047	 5	 11
18	 102103	 1	 11
25	 140202	 5	 7
6	 35624	 8	 8
21	 111116	 2	 10
10	 93102	 3	 4
29	 152436	 4	 11
11	 38091	 5	 14
30	 142444	 2	 5
19	 84434	 2	 14
8	 29324	 2	 10
2	 4704	 2	 3
23	 111541	 5	 6
8	 58106	 2	 4
27	 146806	 3	 6
12	 34544	 2	 5
9	 68819	 2	 8
14	 121851	 3	 4
9	 27754	 1	 7
22	 33504	 2	 7
13	 96746	 3	 7
33	 26755	 5	 7
29	 131849	 2	 10
9	 33732	 2	 2
6	 44290	 1	 3
16	 105506	 0	 9
10	 18453	 8	 7
17	 42050	 3	 10
21	 100824	 2	 12
13	 77447	 1	 4
24	 129473	 2	 16
0	 107	 0	 0
29	 141761	 4	 15
16	 87149	 2	 4
18	 35775	 3	 6
12	 35022	 2	 3
12	 104052	 3	 7
13	 90491	 0	 5
