A	 C	 G	 T
2	 79004	 0	 2
1	 20794	 0	 1
3	 147575	 0	 2
1	 110024	 0	 1
1	 104555	 0	 1
0	 26179	 0	 1
2	 81697	 0	 3
0	 86569	 0	 3
1	 114678	 0	 1
2	 31506	 0	 5
1	 135017	 0	 5
6	 98710	 0	 5
6	 136211	 0	 2
0	 25975	 0	 0
1	 106958	 0	 2
1	 89357	 0	 2
0	 146327	 0	 2
0	 28554	 0	 2
3	 137968	 0	 2
2	 81036	 0	 3
1	 21538	 0	 1
0	 2338	 0	 0
1	 106947	 0	 4
0	 55813	 0	 1
3	 141719	 0	 6
0	 25523	 0	 3
0	 66085	 0	 1
2	 117288	 0	 4
1	 20315	 0	 2
0	 24239	 0	 0
1	 92863	 0	 5
0	 22638	 0	 1
5	 126096	 0	 3
1	 23061	 0	 1
2	 42537	 0	 3
0	 101589	 0	 3
0	 12018	 0	 1
1	 30491	 0	 3
2	 96707	 0	 4
2	 74460	 0	 2
3	 123811	 0	 7
0	 102	 0	 0
2	 129426	 0	 1
0	 84155	 0	 2
0	 26855	 0	 1
2	 25546	 0	 2
0	 99797	 0	 6
0	 86711	 0	 3
