A	 C	 G	 T
81395	 0	 0	 3
21531	 0	 5	 0
151299	 1	 2	 1
113242	 1	 6	 6
107469	 0	 3	 3
27037	 0	 3	 1
84008	 1	 3	 0
89383	 1	 3	 2
117626	 1	 9	 3
32686	 0	 3	 1
138322	 0	 5	 3
101196	 1	 1	 2
138803	 0	 7	 2
26792	 0	 3	 0
110084	 0	 1	 2
92115	 0	 2	 2
150671	 2	 5	 8
29481	 0	 2	 2
141772	 5	 4	 4
83560	 0	 2	 2
22168	 0	 1	 2
2404	 0	 0	 0
110149	 0	 7	 0
57443	 0	 3	 4
145943	 1	 7	 0
26344	 1	 1	 2
67795	 0	 0	 2
120358	 0	 3	 1
20937	 0	 3	 0
24954	 0	 0	 0
95812	 0	 2	 2
23298	 0	 1	 0
130119	 0	 5	 2
23851	 0	 3	 2
43838	 1	 0	 0
104039	 1	 3	 1
12418	 0	 0	 0
31429	 0	 1	 0
99624	 0	 2	 4
76535	 1	 3	 3
128024	 2	 7	 1
105	 0	 0	 0
132475	 1	 6	 2
86314	 1	 2	 5
27614	 0	 1	 2
26306	 1	 0	 1
102844	 0	 9	 3
88878	 0	 3	 4
