A	 C	 G	 T
82784	 0	 1	 1
21865	 0	 0	 1
153515	 0	 8	 1
114952	 0	 4	 3
109046	 0	 2	 2
27449	 0	 2	 1
85362	 0	 1	 0
90703	 0	 3	 2
119714	 0	 4	 0
33198	 0	 1	 0
140516	 0	 10	 1
102616	 0	 4	 3
140770	 0	 4	 0
27243	 0	 1	 1
111725	 1	 4	 2
93340	 1	 4	 1
152762	 0	 4	 2
29921	 1	 3	 1
143859	 0	 4	 2
84733	 0	 5	 1
22527	 0	 1	 0
2443	 0	 0	 0
112045	 2	 5	 0
58302	 0	 1	 0
148565	 0	 3	 1
26765	 0	 2	 1
68809	 0	 2	 5
122178	 0	 6	 2
21246	 0	 0	 0
25296	 0	 3	 0
97229	 1	 3	 1
23641	 0	 0	 1
132120	 1	 5	 1
24211	 0	 0	 0
44376	 0	 2	 2
105604	 0	 4	 0
12601	 0	 1	 0
31962	 0	 0	 0
100993	 0	 4	 1
77599	 0	 5	 1
129814	 0	 3	 3
106	 0	 0	 0
134507	 0	 8	 0
87595	 0	 2	 1
27984	 1	 0	 0
26685	 0	 2	 2
104423	 0	 6	 2
90534	 0	 7	 1
