A	 C	 G	 T
2	 80913	 0	 2
2	 21429	 0	 1
9	 150412	 0	 3
1	 112662	 1	 0
3	 107018	 0	 2
0	 26882	 0	 2
3	 83560	 0	 2
3	 88878	 0	 1
2	 117082	 0	 3
1	 32515	 0	 0
4	 137835	 0	 1
3	 100697	 0	 1
6	 137706	 0	 2
0	 26679	 0	 2
3	 109582	 0	 0
2	 91659	 0	 1
11	 149793	 0	 1
1	 29349	 0	 0
3	 140887	 0	 2
4	 83107	 0	 1
0	 22071	 0	 1
0	 2381	 0	 0
0	 109512	 0	 1
2	 57169	 0	 0
5	 145058	 0	 2
0	 26198	 0	 1
2	 67513	 0	 0
5	 119658	 0	 2
1	 20815	 0	 0
2	 24840	 0	 2
1	 95213	 0	 2
2	 23190	 0	 0
5	 129436	 0	 1
1	 23720	 0	 0
2	 43636	 0	 0
2	 103562	 0	 2
0	 12331	 0	 3
2	 31243	 0	 0
2	 98989	 0	 2
2	 76206	 0	 2
5	 127203	 0	 1
0	 105	 0	 0
6	 131854	 0	 1
3	 85797	 0	 0
0	 27468	 0	 0
0	 26170	 0	 0
3	 102295	 0	 2
4	 88399	 0	 0
