A	 C	 G	 T
8	 1	 80219	 11
4	 2	 24880	 3
10	 2	 150001	 6
11	 4	 111719	 13
9	 1	 106459	 13
2	 0	 30931	 2
6	 0	 82721	 5
9	 2	 88496	 4
16	 3	 115611	 12
7	 1	 38225	 3
9	 2	 137056	 10
11	 1	 100012	 10
6	 2	 137105	 5
7	 1	 30581	 6
7	 3	 108784	 6
7	 2	 90890	 6
20	 0	 148971	 6
5	 0	 33206	 2
7	 3	 139077	 5
8	 2	 82599	 4
1	 1	 24804	 0
0	 0	 2601	 0
3	 4	 108543	 5
6	 2	 56893	 7
15	 6	 143536	 13
3	 1	 30381	 5
6	 1	 67156	 5
9	 2	 119161	 11
1	 1	 23480	 3
3	 1	 28653	 1
5	 1	 94610	 5
2	 0	 22874	 2
8	 1	 128884	 10
1	 1	 27943	 3
6	 1	 43361	 4
4	 0	 103098	 4
2	 1	 14009	 0
2	 0	 35620	 0
12	 1	 98504	 4
5	 1	 75425	 5
7	 2	 126617	 6
0	 0	 102	 0
9	 3	 133672	 8
5	 1	 85232	 7
5	 0	 30969	 3
4	 1	 29754	 5
9	 0	 101812	 4
7	 3	 88510	 6
