A	 C	 G	 T
3	 3	 0	 82363
1	 3	 0	 21773
7	 2	 0	 152799
5	 3	 0	 114360
2	 2	 0	 108466
1	 1	 1	 27305
2	 4	 0	 84809
0	 4	 0	 90225
3	 2	 0	 119072
0	 3	 0	 33023
1	 7	 0	 139880
3	 2	 1	 102186
1	 9	 1	 140068
2	 0	 0	 27077
4	 2	 0	 111090
3	 3	 0	 92917
4	 5	 0	 151980
1	 0	 0	 29805
5	 6	 0	 143091
5	 1	 0	 84328
1	 0	 0	 22395
0	 0	 0	 2431
3	 3	 0	 111519
1	 3	 0	 57984
2	 9	 0	 147825
1	 2	 0	 26626
0	 2	 0	 68444
3	 6	 0	 121563
0	 1	 0	 21128
1	 1	 0	 25233
2	 5	 0	 96697
0	 0	 0	 23512
3	 4	 0	 131412
1	 0	 0	 24106
2	 1	 0	 44193
0	 3	 1	 105026
3	 0	 0	 12528
1	 1	 0	 31776
3	 3	 0	 100421
4	 1	 0	 77216
1	 4	 0	 129119
0	 0	 0	 106
2	 5	 0	 133739
5	 6	 0	 87178
0	 1	 0	 27857
0	 2	 0	 26574
3	 3	 0	 103797
1	 8	 0	 90084
