A	 C	 G	 T
14	 83173	 21	 7
5	 21872	 3	 5
19	 154167	 44	 8
10	 115349	 39	 6
16	 109456	 30	 6
6	 27433	 12	 13
26	 85629	 24	 5
13	 90969	 27	 4
17	 120252	 42	 11
5	 33266	 7	 18
22	 141226	 46	 7
17	 103138	 38	 9
21	 141251	 45	 7
4	 27244	 5	 5
19	 112282	 40	 8
17	 93767	 33	 4
17	 153361	 46	 8
8	 29929	 18	 16
44	 144490	 58	 5
13	 85127	 19	 11
0	 22576	 8	 7
0	 2452	 1	 0
11	 112689	 35	 7
10	 58536	 16	 4
16	 149092	 49	 12
4	 26851	 6	 8
12	 69171	 23	 5
18	 122567	 38	 8
1	 21281	 7	 15
7	 25351	 16	 10
14	 97697	 32	 8
8	 27356	 8	 1
20	 132579	 42	 11
2	 24229	 8	 6
10	 44571	 22	 1
19	 106009	 37	 12
2	 12593	 8	 8
6	 32024	 11	 8
8	 101436	 30	 7
19	 78008	 30	 6
24	 130349	 55	 12
0	 105	 0	 0
19	 135037	 45	 18
15	 88024	 30	 10
5	 27977	 13	 10
8	 26741	 12	 11
20	 104758	 35	 4
8	 90962	 29	 9
