A	 C	 G	 T
81171	 0	 2	 1
25215	 0	 0	 1
151864	 0	 6	 9
112676	 0	 4	 3
107847	 1	 5	 1
31303	 0	 2	 1
84019	 0	 7	 1
89560	 0	 3	 1
117051	 0	 8	 0
38698	 0	 1	 1
138620	 2	 5	 3
100921	 0	 4	 2
138580	 0	 8	 1
30978	 0	 6	 0
110010	 0	 9	 2
91985	 0	 3	 5
150758	 0	 10	 0
33696	 1	 0	 2
140836	 0	 6	 6
83592	 0	 5	 2
25065	 0	 2	 2
2638	 0	 1	 0
109996	 0	 3	 3
57604	 0	 5	 1
145275	 0	 6	 4
30787	 1	 3	 1
68085	 0	 4	 0
120487	 1	 2	 3
23746	 0	 2	 0
29007	 0	 3	 0
95793	 0	 0	 3
23126	 0	 1	 0
130438	 0	 1	 1
28326	 0	 1	 0
43922	 0	 3	 2
104275	 1	 6	 2
14114	 0	 1	 0
36036	 0	 4	 2
99738	 0	 5	 2
76155	 0	 4	 0
128173	 1	 6	 3
105	 0	 0	 0
135322	 1	 2	 1
86213	 0	 10	 0
31304	 0	 5	 1
30079	 0	 2	 2
103079	 0	 6	 1
89351	 0	 4	 0
