A	 C	 G	 T
1	 82761	 0	 3
2	 21873	 0	 1
9	 153487	 0	 7
10	 114885	 0	 2
6	 109000	 0	 4
0	 27432	 0	 3
5	 85347	 0	 4
3	 90690	 0	 6
8	 119736	 0	 5
2	 33163	 0	 2
4	 140401	 0	 5
2	 102658	 0	 4
8	 140809	 0	 7
2	 27234	 0	 4
4	 111684	 2	 7
4	 93402	 0	 7
6	 152769	 1	 9
1	 29919	 1	 3
4	 143784	 0	 3
2	 84739	 0	 3
1	 22517	 0	 2
0	 2443	 0	 0
4	 111965	 0	 9
1	 58279	 0	 4
3	 148576	 0	 6
3	 26762	 0	 4
1	 68837	 0	 5
2	 122151	 0	 5
0	 21237	 0	 0
1	 25281	 0	 1
1	 97227	 0	 3
2	 23653	 1	 0
10	 132090	 1	 4
1	 24206	 0	 4
0	 44386	 0	 2
2	 105595	 0	 3
1	 12581	 0	 0
1	 31932	 0	 2
5	 100992	 0	 6
5	 77601	 0	 3
4	 129803	 0	 5
0	 106	 0	 0
5	 134480	 0	 2
2	 87532	 0	 4
1	 27979	 0	 1
2	 26690	 0	 1
1	 104367	 0	 1
3	 90487	 0	 2
