A	 C	 G	 T
82801	 0	 5	 2
21846	 0	 0	 0
153509	 0	 2	 2
114932	 0	 5	 9
109067	 0	 1	 4
27435	 0	 1	 2
85323	 0	 0	 2
90687	 0	 9	 3
119745	 0	 2	 2
33175	 0	 1	 1
140525	 0	 5	 5
102642	 0	 1	 3
140738	 0	 1	 7
27197	 0	 0	 4
111724	 0	 0	 8
93383	 1	 1	 5
152761	 0	 0	 6
29892	 1	 1	 2
143815	 0	 3	 4
84736	 0	 2	 2
22502	 0	 1	 0
2445	 0	 0	 0
112043	 0	 1	 4
58281	 0	 2	 2
148536	 0	 2	 1
26762	 1	 0	 3
68828	 0	 0	 1
122135	 0	 3	 6
21253	 0	 0	 0
25308	 0	 0	 3
97194	 0	 4	 2
23679	 0	 71	 1
132073	 0	 5	 4
24199	 0	 0	 1
44402	 1	 1	 1
105533	 0	 1	 3
12572	 0	 0	 0
31927	 0	 0	 1
100983	 1	 2	 4
77610	 0	 4	 3
129724	 0	 3	 2
106	 0	 0	 0
134488	 0	 4	 10
87592	 0	 3	 0
27958	 0	 2	 0
26683	 0	 0	 2
104341	 0	 0	 5
90522	 1	 1	 5
