A	 C	 G	 T
2	 7	 5	 75844
1	 4	 4	 19870
2	 7	 8	 140740
1	 9	 8	 105440
2	 7	 4	 100187
0	 1	 4	 24910
1	 4	 6	 78076
1	 5	 3	 83079
1	 5	 7	 109646
0	 3	 1	 30003
1	 6	 3	 129307
0	 4	 10	 94617
2	 13	 5	 128154
0	 1	 1	 24597
2	 6	 4	 102634
1	 9	 7	 85403
4	 10	 12	 139813
1	 7	 2	 27190
3	 4	 15	 132280
6	 3	 1	 77658
0	 2	 1	 20437
0	 0	 0	 2192
0	 7	 5	 102600
2	 6	 3	 53501
0	 15	 3	 136113
0	 3	 1	 24225
0	 3	 5	 63295
2	 11	 8	 112033
0	 0	 2	 19195
0	 1	 3	 22776
0	 5	 10	 88781
3	 0	 4	 24728
4	 8	 14	 120878
1	 3	 1	 21816
0	 3	 3	 40723
5	 3	 13	 96601
0	 1	 0	 11437
1	 2	 1	 28870
1	 4	 4	 92362
1	 4	 1	 71456
1	 11	 14	 118435
0	 0	 0	 100
2	 9	 10	 122800
1	 8	 5	 80051
1	 3	 2	 25434
1	 0	 2	 24077
3	 1	 9	 95469
0	 10	 5	 82872
