A	 C	 G	 T
4	 3	 80401	 6
5	 0	 24888	 2
8	 0	 150342	 13
4	 0	 111765	 4
6	 2	 106643	 8
2	 0	 31010	 4
3	 2	 82429	 5
5	 2	 88560	 4
2	 3	 115489	 9
1	 0	 38313	 4
13	 0	 137047	 12
4	 2	 100218	 5
6	 2	 137255	 7
2	 0	 30631	 1
5	 3	 109057	 4
1	 3	 91036	 6
12	 2	 149105	 7
4	 0	 33246	 3
4	 6	 139287	 11
3	 2	 82645	 6
2	 1	 24755	 2
0	 0	 2605	 0
5	 3	 108872	 6
3	 0	 57015	 0
5	 2	 143734	 10
5	 1	 30422	 2
2	 3	 67361	 5
4	 0	 119341	 6
0	 1	 23481	 5
0	 0	 28472	 4
4	 0	 94675	 5
0	 0	 22947	 3
6	 3	 129027	 12
3	 0	 27949	 1
1	 0	 43586	 2
7	 0	 103298	 8
1	 0	 14020	 2
2	 1	 35517	 4
3	 1	 98635	 10
2	 0	 75788	 5
2	 0	 126764	 5
0	 0	 102	 0
10	 4	 133781	 19
6	 0	 85349	 5
2	 0	 30840	 4
1	 0	 29725	 0
5	 1	 102070	 12
3	 4	 88691	 7
