A	 C	 G	 T
3	 80743	 1	 1
1	 21254	 0	 0
2	 149910	 0	 4
2	 112395	 1	 2
3	 106634	 0	 3
0	 26803	 0	 1
2	 83329	 2	 2
7	 88614	 0	 3
3	 116788	 0	 0
2	 32278	 0	 0
5	 137439	 0	 2
1	 100436	 1	 5
9	 137713	 0	 3
1	 26538	 0	 3
1	 109300	 1	 1
1	 91281	 1	 1
6	 149506	 0	 5
2	 29208	 0	 2
6	 140154	 0	 6
3	 82793	 0	 3
1	 21998	 0	 2
0	 2384	 0	 0
3	 109330	 0	 3
2	 57013	 0	 1
4	 144702	 0	 6
1	 26084	 0	 1
4	 67082	 0	 0
3	 119404	 1	 1
3	 20763	 1	 0
1	 24702	 0	 1
7	 95036	 0	 3
0	 23057	 0	 0
5	 128643	 0	 7
2	 23654	 0	 1
2	 43511	 0	 0
1	 103215	 0	 2
0	 12294	 1	 1
3	 31155	 0	 2
0	 98816	 0	 1
1	 76012	 0	 2
1	 126529	 0	 3
0	 105	 0	 0
6	 131444	 0	 5
2	 85563	 0	 0
0	 27373	 0	 0
3	 26070	 0	 0
4	 102049	 0	 4
3	 88124	 0	 1
