A	 C	 G	 T
5	 0	 67485	 1
0	 0	 18264	 0
5	 2	 125978	 4
4	 0	 94926	 4
5	 1	 89102	 4
0	 0	 22772	 1
3	 0	 70513	 1
4	 0	 74002	 5
6	 1	 98506	 5
0	 0	 27637	 1
6	 4	 114421	 4
6	 3	 83520	 2
4	 2	 114679	 5
3	 0	 22591	 1
6	 1	 91521	 8
1	 0	 76539	 5
5	 1	 124700	 11
2	 0	 25057	 2
8	 1	 118966	 7
0	 2	 70392	 6
0	 1	 18540	 1
0	 0	 1990	 1
2	 1	 90939	 3
6	 0	 47649	 3
6	 2	 122042	 9
0	 0	 22145	 1
5	 0	 56713	 5
5	 1	 100895	 3
1	 0	 17323	 1
2	 0	 20841	 1
3	 1	 79266	 10
1	 0	 19566	 1
10	 3	 108746	 4
0	 0	 20016	 1
2	 0	 36994	 2
6	 2	 87263	 9
0	 0	 10443	 1
2	 0	 26139	 1
2	 0	 82364	 5
4	 2	 65013	 5
3	 2	 105801	 7
0	 0	 84	 0
4	 2	 111066	 7
1	 1	 72082	 2
3	 0	 22820	 1
2	 1	 22040	 1
3	 2	 85180	 5
3	 0	 74184	 1
