A	 C	 G	 T
7	 82614	 0	 3
8	 31670	 0	 9
5	 153849	 2	 8
4	 114805	 0	 2
6	 109084	 0	 4
3	 36576	 1	 18
6	 85190	 2	 0
9	 90849	 0	 4
7	 119399	 2	 3
3	 42786	 0	 7
9	 140359	 2	 8
6	 102355	 1	 2
7	 140533	 1	 4
4	 35754	 2	 11
10	 111412	 0	 2
4	 93345	 0	 3
4	 152876	 0	 1
6	 38255	 3	 4
17	 142747	 2	 3
9	 84651	 3	 3
6	 29421	 2	 12
2	 4725	 1	 10
7	 111818	 0	 2
3	 58271	 0	 0
8	 147170	 4	 8
4	 34667	 2	 7
1	 68980	 1	 1
4	 122120	 2	 1
1	 27830	 2	 10
5	 33637	 3	 10
5	 96988	 0	 0
145	 26976	 1	 7
6	 132171	 1	 4
6	 33873	 3	 11
0	 44421	 2	 0
5	 105777	 1	 2
3	 18550	 1	 9
5	 42210	 1	 8
6	 101117	 0	 3
5	 77672	 1	 1
6	 129803	 3	 5
0	 107	 0	 0
14	 142100	 4	 11
5	 87369	 0	 7
2	 35948	 0	 8
1	 35167	 4	 11
9	 104298	 1	 2
12	 90699	 0	 2
