A	 C	 G	 T
83229	 4	 34	 5
31819	 4	 8	 15
154944	 2	 27	 3
115671	 3	 27	 2
109849	 0	 35	 2
36765	 4	 8	 17
85753	 2	 33	 2
91487	 5	 20	 4
119962	 3	 22	 6
43085	 2	 11	 11
141281	 5	 43	 3
103061	 2	 21	 3
141533	 1	 21	 1
35981	 1	 5	 27
112304	 0	 28	 6
94129	 2	 17	 3
153910	 1	 22	 5
38401	 3	 5	 13
143803	 2	 31	 2
85334	 0	 19	 1
29564	 3	 6	 19
4694	 3	 5	 7
112744	 4	 26	 9
58710	 1	 14	 2
148397	 1	 24	 7
34902	 2	 8	 14
69476	 1	 20	 8
123159	 4	 25	 3
27970	 4	 7	 17
33845	 3	 4	 20
97780	 6	 16	 1
23751	 33	 3149	 3
133157	 0	 31	 5
34132	 3	 6	 17
44824	 2	 23	 1
106549	 0	 28	 2
18533	 1	 13	 9
42426	 3	 12	 31
101834	 3	 36	 3
78370	 4	 13	 1
130865	 0	 23	 5
108	 0	 0	 0
143078	 6	 31	 17
88097	 1	 23	 2
35993	 2	 6	 15
35292	 4	 18	 12
105131	 0	 20	 2
91426	 2	 21	 4
