A	 C	 G	 T
1	 1	 0	 82677
0	 0	 0	 21791
2	 5	 4	 153266
1	 1	 2	 114749
0	 3	 1	 108922
0	 1	 0	 27390
1	 3	 0	 85176
1	 5	 3	 90497
5	 4	 3	 119572
0	 3	 0	 33093
1	 3	 4	 140335
0	 1	 1	 102519
1	 2	 0	 140482
0	 0	 0	 27151
2	 0	 0	 111571
0	 1	 1	 93200
2	 4	 1	 152474
0	 2	 0	 29860
2	 4	 1	 143602
0	 5	 1	 84616
0	 1	 0	 22471
0	 0	 0	 2436
0	 4	 3	 111865
0	 1	 0	 58205
1	 8	 0	 148291
0	 2	 0	 26714
0	 2	 0	 68717
1	 5	 0	 121904
1	 1	 0	 21208
0	 0	 1	 25246
2	 4	 0	 97013
3	 2	 220	 23657
3	 2	 1	 131854
0	 0	 0	 24131
0	 3	 1	 44334
2	 6	 0	 105375
0	 0	 0	 12547
0	 1	 0	 31876
1	 2	 0	 100848
0	 3	 1	 77502
0	 2	 1	 129495
0	 0	 0	 106
4	 7	 2	 134269
1	 2	 0	 87375
0	 1	 0	 27913
0	 0	 0	 26631
2	 1	 1	 104184
1	 3	 1	 90401
