A	 C	 G	 T
82614	 0	 1	 2
25786	 0	 0	 0
154206	 0	 1	 1
114535	 0	 4	 1
109372	 1	 6	 0
31981	 1	 0	 0
85186	 1	 3	 2
91039	 0	 3	 3
118913	 0	 6	 1
39598	 0	 0	 0
140654	 0	 5	 2
102448	 2	 1	 1
140836	 0	 4	 1
31678	 0	 0	 0
111806	 0	 2	 1
93711	 2	 1	 2
153161	 0	 5	 1
34358	 1	 3	 0
143046	 0	 3	 1
84918	 1	 3	 1
25612	 0	 0	 0
2701	 0	 0	 0
112263	 1	 3	 0
58475	 0	 0	 1
147728	 0	 1	 5
31456	 0	 1	 0
69159	 0	 0	 0
122638	 0	 2	 1
24195	 0	 1	 0
29727	 0	 0	 0
97295	 0	 3	 1
23595	 0	 2	 0
132504	 0	 6	 1
29013	 0	 0	 0
44613	 2	 1	 0
106045	 0	 5	 3
14417	 0	 0	 0
36803	 0	 0	 0
101312	 1	 2	 3
77691	 0	 2	 0
130311	 0	 7	 2
106	 0	 0	 0
138006	 0	 2	 2
87662	 0	 3	 0
32005	 0	 1	 1
30756	 0	 2	 0
104694	 0	 5	 1
90878	 2	 1	 1
