A	 C	 G	 T
3	 6	 1	 82710
1	 2	 1	 25734
4	 7	 0	 153961
5	 2	 4	 114960
7	 3	 1	 109211
1	 4	 1	 31945
6	 5	 0	 85342
6	 11	 2	 90966
4	 2	 4	 119354
1	 3	 1	 39582
9	 4	 3	 140499
5	 6	 2	 102562
5	 6	 3	 140643
3	 2	 1	 31642
6	 7	 1	 111590
2	 4	 5	 93554
6	 5	 3	 152929
1	 2	 3	 34368
6	 10	 1	 142867
2	 4	 3	 84804
0	 1	 0	 25565
0	 0	 0	 2693
5	 8	 2	 112030
4	 5	 0	 58336
4	 2	 4	 147466
1	 3	 2	 31394
2	 3	 1	 69066
2	 5	 2	 122364
1	 2	 0	 24166
0	 1	 0	 29707
6	 6	 4	 97220
4	 1	 0	 23583
4	 5	 0	 132393
3	 3	 0	 29010
0	 1	 0	 44537
3	 5	 2	 105909
1	 0	 0	 14470
2	 1	 2	 36818
1	 7	 0	 101207
6	 5	 2	 77868
7	 3	 2	 130065
0	 0	 0	 105
4	 5	 3	 137916
3	 5	 3	 87579
3	 1	 1	 32229
2	 0	 1	 30734
5	 6	 2	 104456
1	 4	 2	 90825
