A	 C	 G	 T
5	 1	 75436	 18
1	 0	 19594	 4
9	 3	 139643	 40
2	 2	 103310	 29
3	 1	 97618	 30
1	 0	 24200	 5
4	 1	 76855	 19
7	 1	 81407	 19
9	 5	 108355	 27
4	 1	 29649	 2
5	 9	 129658	 40
5	 2	 93325	 15
3	 2	 124259	 29
1	 0	 24125	 7
4	 3	 101299	 34
2	 1	 84442	 29
8	 2	 137980	 27
0	 2	 26610	 6
6	 4	 130550	 27
4	 1	 76636	 19
0	 0	 19863	 3
0	 0	 2125	 0
4	 1	 102958	 26
1	 0	 52504	 14
7	 3	 133444	 20
2	 0	 24060	 5
4	 1	 62478	 18
5	 3	 110627	 26
2	 1	 18976	 4
1	 0	 23034	 3
8	 3	 87664	 18
0	 1	 21399	 13
10	 6	 118943	 28
1	 0	 21492	 4
1	 0	 40264	 4
1	 5	 95763	 30
1	 1	 11177	 2
2	 2	 28406	 6
5	 1	 91181	 29
2	 1	 70298	 13
3	 2	 116992	 23
0	 0	 96	 0
10	 3	 121374	 31
6	 2	 80258	 17
3	 0	 24753	 3
2	 2	 23803	 4
5	 1	 94290	 20
3	 1	 81872	 12
