A	 C	 G	 T
0	 0	 0	 80693
0	 0	 0	 21399
1	 2	 0	 150196
1	 2	 0	 112510
2	 0	 0	 106578
0	 1	 0	 26882
1	 4	 0	 83489
0	 3	 0	 88527
0	 1	 0	 116883
0	 5	 0	 32389
2	 4	 0	 137213
1	 3	 0	 100197
2	 2	 0	 137427
0	 5	 0	 26585
3	 2	 0	 109237
1	 3	 0	 91321
2	 3	 0	 149253
0	 3	 0	 29260
3	 3	 0	 140881
4	 1	 0	 83048
0	 1	 0	 21972
0	 0	 0	 2362
1	 3	 0	 108944
1	 1	 0	 56983
2	 5	 0	 144990
1	 7	 0	 26031
1	 0	 0	 67413
1	 5	 0	 119601
0	 2	 1	 20751
1	 2	 0	 24744
2	 4	 0	 94890
0	 0	 0	 23153
6	 4	 0	 129166
1	 4	 0	 23692
0	 1	 0	 43439
1	 0	 0	 103337
1	 1	 1	 12313
0	 2	 0	 31100
2	 2	 0	 98605
1	 3	 0	 76100
2	 4	 0	 126682
0	 0	 0	 105
1	 6	 0	 131602
0	 0	 0	 85609
0	 1	 0	 27283
1	 0	 0	 26071
1	 6	 0	 101900
0	 2	 1	 88190
