A	 C	 G	 T
4	 8	 0	 80850
0	 2	 0	 21416
2	 2	 3	 150298
4	 1	 0	 112700
2	 3	 1	 106986
2	 4	 0	 26882
0	 1	 0	 83552
4	 2	 1	 88822
2	 2	 1	 117134
0	 2	 0	 32511
4	 5	 1	 137929
2	 2	 1	 100653
3	 4	 1	 137505
0	 1	 0	 26667
1	 2	 1	 109544
1	 4	 0	 91594
4	 3	 0	 149703
1	 1	 1	 29333
1	 3	 1	 140695
0	 2	 0	 83043
1	 0	 0	 22065
0	 0	 0	 2381
2	 0	 4	 109513
1	 1	 1	 57132
2	 4	 1	 144971
1	 1	 0	 26201
1	 1	 2	 67477
5	 1	 2	 119611
1	 0	 0	 20788
1	 0	 0	 24839
1	 1	 0	 95188
0	 0	 0	 23195
4	 5	 1	 129387
1	 1	 0	 23740
0	 2	 1	 43638
1	 3	 0	 103537
0	 1	 0	 12344
0	 1	 0	 31222
2	 3	 0	 98917
2	 1	 1	 76186
3	 1	 0	 127070
0	 0	 0	 106
3	 6	 0	 131878
2	 2	 0	 85781
0	 0	 1	 27463
2	 0	 0	 26187
1	 4	 0	 102254
3	 1	 1	 88366
