A	 C	 G	 T
67517	 1	 1	 1
18270	 0	 1	 0
126031	 0	 0	 0
94963	 1	 0	 2
89152	 0	 0	 0
22783	 0	 0	 0
70551	 0	 0	 0
74043	 0	 0	 2
98538	 1	 1	 0
27645	 0	 1	 1
114491	 1	 0	 0
83564	 0	 0	 2
114734	 1	 0	 1
22613	 0	 0	 0
91561	 0	 0	 0
76565	 0	 1	 1
124783	 0	 0	 0
25073	 0	 0	 0
119029	 1	 2	 1
70410	 0	 0	 0
18552	 1	 0	 0
1994	 0	 0	 0
90974	 1	 0	 1
47681	 1	 1	 2
122084	 6	 0	 1
22162	 0	 0	 0
56736	 0	 0	 0
100935	 1	 1	 1
17334	 0	 0	 0
20858	 0	 0	 0
79313	 1	 0	 1
19579	 0	 0	 0
108821	 1	 0	 1
20032	 0	 0	 0
37005	 0	 0	 0
87314	 1	 0	 0
10448	 0	 0	 0
26154	 0	 0	 1
82402	 0	 0	 1
65031	 1	 1	 0
105862	 1	 0	 1
84	 0	 0	 0
111125	 0	 0	 1
72117	 0	 0	 1
22832	 0	 1	 0
22059	 0	 0	 0
85219	 0	 1	 0
74207	 0	 1	 0
