A	 C	 G	 T
5	 4	 3	 82189
4	 12	 9	 25508
8	 25	 0	 152957
4	 16	 1	 114166
7	 13	 1	 108600
2	 6	 21	 31743
3	 7	 0	 84745
6	 13	 0	 90346
7	 15	 2	 118290
5	 4	 14	 39200
5	 16	 1	 139546
7	 10	 0	 101583
2	 10	 1	 139731
1	 4	 20	 31441
4	 15	 0	 110941
5	 13	 2	 92955
10	 24	 1	 152078
1	 2	 14	 34094
9	 16	 2	 141961
1	 7	 1	 84268
1	 3	 12	 25380
0	 1	 12	 2675
1	 17	 2	 111413
3	 3	 0	 58011
4	 16	 0	 146513
1	 6	 21	 31152
3	 6	 1	 68603
6	 27	 1	 121507
0	 4	 16	 24018
0	 2	 15	 29489
4	 17	 0	 96559
2	 3	 0	 23425
10	 12	 0	 131528
1	 4	 13	 28769
2	 5	 0	 44196
9	 8	 3	 105291
0	 0	 10	 14269
2	 1	 18	 36539
7	 12	 4	 100595
7	 13	 0	 77310
6	 12	 0	 129220
0	 0	 0	 104
7	 16	 18	 136802
1	 14	 0	 86964
1	 3	 17	 31951
1	 1	 9	 30496
3	 14	 3	 103823
4	 5	 0	 90319
