A	 C	 G	 T
6	 80111	 0	 1
1	 21073	 0	 1
5	 148404	 0	 1
1	 111486	 0	 2
4	 105882	 0	 2
2	 26518	 0	 0
3	 82579	 0	 0
5	 87895	 0	 1
8	 115883	 0	 2
2	 32001	 0	 0
4	 136634	 1	 1
4	 99679	 0	 2
4	 136455	 0	 1
1	 26296	 0	 0
5	 108405	 0	 5
5	 90605	 0	 1
7	 148114	 0	 2
1	 29009	 0	 0
4	 138796	 0	 3
4	 81945	 0	 4
1	 21852	 0	 0
0	 2351	 0	 0
1	 108390	 0	 3
3	 56553	 0	 1
15	 143115	 0	 2
5	 25922	 0	 2
3	 66489	 0	 1
5	 118135	 0	 0
1	 20593	 0	 0
3	 24524	 0	 4
8	 94186	 0	 1
1	 22874	 0	 0
11	 127527	 0	 3
2	 23434	 0	 1
3	 43240	 0	 0
4	 102280	 0	 3
0	 12157	 0	 1
4	 30799	 0	 1
6	 98003	 0	 0
3	 75470	 0	 2
2	 125268	 0	 7
0	 104	 0	 0
2	 130257	 0	 4
9	 84559	 0	 2
1	 27148	 0	 0
2	 25799	 0	 0
5	 101099	 0	 1
5	 87191	 0	 1
