A	 C	 G	 T
81525	 0	 32	 6
21410	 0	 0	 0
151147	 0	 27	 1
113272	 1	 33	 9
107632	 0	 37	 8
26945	 0	 0	 4
83984	 0	 37	 7
89361	 1	 12	 3
118063	 1	 26	 10
32546	 0	 5	 3
138566	 0	 46	 4
101336	 0	 21	 8
138603	 0	 11	 13
26705	 0	 3	 2
110102	 1	 24	 7
91920	 0	 10	 5
150393	 0	 23	 8
29413	 0	 1	 5
141758	 1	 36	 13
83385	 1	 20	 5
22142	 0	 2	 0
2392	 0	 1	 1
110321	 0	 21	 4
57492	 0	 14	 2
146325	 0	 21	 7
26270	 0	 3	 3
67859	 0	 19	 4
120239	 0	 27	 6
20859	 0	 3	 3
24837	 0	 2	 1
95631	 0	 20	 4
23488	 0	 3026	 0
130056	 0	 25	 8
23700	 0	 3	 2
43775	 0	 21	 4
103967	 0	 27	 5
12360	 0	 2	 2
31322	 1	 4	 5
99441	 1	 23	 9
76603	 0	 15	 4
127631	 1	 20	 9
103	 0	 0	 0
132259	 1	 19	 14
86059	 0	 13	 7
27435	 0	 2	 2
26121	 0	 0	 2
102726	 0	 21	 7
89051	 0	 19	 10
