A	 C	 G	 T
81338	 0	 2	 5
25261	 1	 0	 0
152628	 0	 7	 3
113193	 0	 1	 3
108301	 0	 4	 2
31352	 0	 2	 1
84132	 1	 3	 4
89737	 0	 4	 4
117400	 0	 4	 2
38930	 0	 1	 0
139186	 0	 5	 3
101050	 0	 2	 3
139303	 0	 4	 5
31038	 0	 0	 0
110277	 0	 6	 1
91956	 0	 2	 3
151544	 0	 9	 2
33865	 0	 2	 4
141694	 0	 3	 3
83625	 0	 1	 2
25180	 0	 0	 0
2651	 0	 0	 0
110545	 0	 1	 0
57745	 0	 1	 3
145889	 0	 2	 1
30886	 0	 1	 1
68427	 0	 1	 1
120553	 0	 2	 1
23878	 0	 0	 0
29138	 0	 0	 1
96176	 1	 1	 2
23244	 0	 0	 0
130465	 1	 2	 4
28392	 0	 0	 0
44019	 1	 1	 1
104482	 0	 2	 1
14087	 0	 0	 0
36297	 0	 1	 1
100269	 0	 5	 3
76500	 0	 9	 0
128947	 0	 2	 2
105	 0	 0	 0
135910	 0	 2	 3
86662	 0	 5	 2
31605	 0	 1	 0
30269	 0	 2	 0
103268	 0	 9	 2
89586	 0	 2	 2
