A	 C	 G	 T
7	 81457	 1	 4
3	 25412	 0	 0
9	 152383	 1	 3
5	 113227	 0	 2
4	 108200	 1	 2
0	 31557	 0	 2
7	 83918	 0	 3
3	 89865	 1	 0
4	 117412	 0	 5
0	 38991	 1	 4
7	 139005	 1	 4
2	 101312	 0	 1
7	 139114	 2	 2
1	 31200	 0	 0
5	 110447	 0	 5
5	 92305	 2	 0
6	 151218	 1	 7
0	 33885	 0	 2
3	 141427	 0	 7
4	 83865	 0	 3
3	 25162	 0	 1
0	 2666	 0	 0
2	 110434	 0	 3
4	 57770	 1	 3
4	 145739	 0	 3
2	 31045	 1	 0
5	 68343	 0	 4
7	 120968	 0	 2
0	 23862	 0	 1
3	 29126	 0	 2
1	 96037	 0	 5
1	 23219	 0	 0
7	 130767	 0	 3
0	 28581	 1	 2
3	 44092	 0	 3
1	 104631	 0	 1
0	 14234	 0	 1
1	 36269	 0	 2
6	 100101	 1	 1
3	 76700	 0	 6
6	 128645	 1	 2
0	 106	 0	 0
5	 135816	 2	 4
3	 86573	 0	 2
1	 31616	 0	 2
0	 30307	 0	 1
4	 103340	 0	 3
4	 89813	 1	 3
