A	 C	 G	 T
0	 77774	 0	 10
1	 20135	 1	 2
7	 141386	 1	 13
5	 106479	 2	 13
6	 101906	 0	 6
0	 25181	 0	 1
3	 78784	 0	 12
0	 84730	 0	 9
1	 110999	 1	 12
0	 30572	 1	 2
8	 131619	 0	 8
2	 95808	 0	 10
5	 129832	 0	 7
1	 25069	 0	 5
3	 103689	 0	 6
1	 86933	 0	 4
5	 141739	 0	 17
0	 27697	 1	 9
2	 133739	 1	 11
2	 78721	 0	 8
1	 20748	 0	 3
0	 2220	 0	 2
3	 105472	 0	 7
1	 54124	 1	 1
2	 137969	 1	 13
1	 24378	 0	 1
0	 64181	 0	 11
6	 113801	 0	 12
0	 19560	 0	 4
2	 23644	 0	 4
6	 90005	 0	 8
3	 21994	 0	 2
5	 122289	 0	 13
1	 22252	 0	 5
6	 41242	 0	 1
6	 97984	 0	 12
0	 11591	 0	 1
0	 29365	 0	 0
4	 93630	 1	 9
4	 72278	 0	 6
2	 120064	 1	 14
0	 94	 0	 0
5	 124635	 0	 10
2	 81011	 0	 8
1	 25558	 0	 0
4	 24605	 0	 3
5	 96735	 1	 13
4	 79863	 0	 12
