A	 C	 G	 T
1	 6	 0	 81100
0	 4	 0	 21395
0	 14	 4	 150281
3	 11	 4	 112606
0	 11	 0	 107037
0	 5	 0	 26846
2	 8	 0	 83516
1	 11	 0	 88903
7	 13	 0	 117369
0	 6	 0	 32483
1	 11	 1	 137597
2	 2	 0	 100840
4	 6	 1	 137818
0	 11	 1	 26611
2	 9	 1	 109599
1	 6	 2	 91484
1	 9	 0	 149759
0	 2	 0	 29317
1	 10	 0	 141094
1	 11	 1	 82996
0	 3	 0	 22048
0	 0	 0	 2378
3	 9	 0	 109597
0	 4	 0	 57244
4	 12	 0	 145505
1	 8	 0	 26169
2	 4	 0	 67432
1	 4	 0	 119565
1	 5	 0	 20814
1	 3	 0	 24726
1	 9	 3	 95126
0	 1	 0	 23150
2	 12	 1	 129355
1	 1	 0	 23666
2	 1	 1	 43565
0	 16	 1	 103381
0	 4	 0	 12324
0	 2	 0	 31212
3	 9	 1	 98920
2	 1	 1	 76165
1	 10	 0	 127024
0	 0	 0	 104
2	 13	 0	 131546
1	 4	 1	 85570
1	 3	 0	 27374
0	 3	 0	 26078
1	 10	 2	 102238
3	 7	 1	 88524
