A	 C	 G	 T
15	 5	 77835	 6
8	 1	 20150	 1
31	 8	 141453	 7
16	 15	 106630	 10
26	 13	 101995	 6
5	 2	 25203	 1
16	 4	 78874	 5
18	 14	 84795	 12
28	 7	 111114	 8
18	 6	 30573	 3
22	 11	 131750	 7
20	 9	 95895	 8
14	 2	 129968	 11
8	 3	 25087	 0
20	 7	 103795	 10
11	 5	 87011	 12
24	 17	 141887	 8
5	 5	 27722	 3
25	 14	 133891	 9
24	 4	 78780	 7
4	 3	 20771	 2
1	 0	 2221	 1
30	 6	 105492	 8
11	 6	 54171	 7
25	 21	 138088	 17
6	 1	 24398	 2
8	 5	 64247	 7
23	 13	 113925	 8
3	 2	 19586	 1
3	 2	 23665	 0
22	 6	 90088	 4
5	 3	 22010	 5
21	 13	 122396	 12
6	 2	 22278	 0
6	 4	 41279	 1
10	 10	 98095	 13
0	 2	 11602	 0
7	 1	 29393	 2
14	 8	 93707	 15
14	 8	 72327	 17
30	 12	 120199	 8
0	 0	 94	 0
27	 11	 124728	 8
14	 9	 81065	 6
9	 3	 25572	 3
4	 4	 24638	 1
25	 6	 96829	 10
16	 9	 79919	 8
