A	 C	 G	 T
82360	 1	 1	 0
25715	 2	 1	 1
153935	 2	 8	 1
114868	 0	 1	 3
109227	 1	 3	 3
31896	 0	 1	 0
85407	 0	 2	 1
90877	 1	 0	 0
119427	 1	 2	 1
39531	 0	 1	 0
140443	 0	 8	 5
102632	 0	 0	 1
140556	 0	 6	 3
31602	 0	 0	 1
111550	 0	 2	 3
93225	 1	 7	 0
152856	 2	 2	 2
34346	 0	 0	 1
142865	 1	 7	 1
84744	 0	 2	 1
25538	 0	 1	 0
2690	 0	 0	 0
111563	 2	 10	 5
58318	 0	 0	 0
147398	 1	 5	 2
31384	 0	 2	 0
69055	 1	 4	 0
122270	 0	 4	 2
24136	 0	 0	 2
29612	 1	 4	 0
97083	 6	 2	 0
23502	 0	 2	 0
132260	 3	 6	 1
28948	 0	 5	 0
44539	 0	 3	 0
105829	 1	 6	 1
14455	 0	 0	 0
36740	 0	 1	 0
101147	 0	 5	 0
77505	 1	 5	 4
129928	 1	 5	 3
106	 0	 0	 0
137340	 1	 2	 3
87520	 0	 1	 1
32244	 0	 0	 0
30656	 0	 2	 0
104429	 0	 4	 2
90753	 1	 3	 1
