A	 C	 G	 T
81010	 0	 3	 2
21466	 0	 1	 0
150720	 1	 2	 2
112381	 0	 1	 1
106911	 1	 2	 2
26790	 0	 0	 0
83658	 1	 1	 1
88744	 0	 1	 0
117418	 1	 5	 1
32431	 0	 2	 0
138282	 0	 1	 2
101015	 0	 5	 1
136430	 0	 3	 2
26683	 0	 0	 1
109552	 0	 3	 0
91807	 0	 2	 0
149623	 0	 4	 1
29379	 0	 1	 2
141311	 1	 5	 3
83157	 0	 2	 1
21980	 1	 1	 0
2356	 0	 0	 0
109438	 1	 2	 2
57126	 0	 1	 0
145913	 0	 4	 1
25965	 0	 0	 0
67591	 0	 1	 2
120066	 0	 2	 2
20768	 0	 1	 2
24866	 0	 0	 2
95135	 0	 0	 1
23203	 0	 0	 1
129698	 0	 7	 1
23758	 0	 1	 0
43470	 0	 1	 1
103778	 0	 1	 2
12314	 0	 0	 0
31264	 0	 1	 1
98823	 0	 1	 0
76114	 0	 4	 0
126880	 0	 3	 0
103	 0	 0	 0
132086	 1	 2	 2
85954	 0	 2	 1
27441	 0	 1	 0
26174	 0	 2	 1
102239	 1	 1	 2
88775	 0	 1	 3
