A	 C	 G	 T
3	 2	 3	 82885
0	 1	 0	 21887
3	 8	 0	 153641
6	 5	 0	 115040
7	 11	 0	 109116
1	 4	 0	 27465
5	 2	 0	 85417
2	 4	 0	 90800
9	 6	 0	 119824
0	 1	 0	 33224
4	 11	 0	 140622
5	 1	 0	 102710
6	 5	 0	 140883
1	 1	 0	 27269
5	 7	 0	 111796
2	 2	 0	 93469
7	 6	 0	 152878
1	 6	 0	 29946
4	 2	 0	 143954
5	 5	 0	 84828
0	 0	 0	 22565
0	 0	 0	 2445
9	 2	 0	 112168
0	 5	 1	 58354
5	 4	 0	 148692
1	 2	 0	 26797
2	 0	 0	 68865
4	 10	 0	 122272
0	 1	 0	 21268
0	 1	 0	 25333
3	 3	 0	 97307
0	 0	 0	 23670
7	 7	 0	 132202
4	 2	 0	 24233
1	 3	 0	 44419
4	 7	 0	 105683
0	 0	 0	 12606
2	 3	 0	 31973
5	 3	 0	 101092
7	 4	 0	 77668
5	 5	 0	 129923
0	 0	 0	 105
7	 5	 0	 134597
3	 5	 0	 87677
1	 0	 0	 28002
0	 2	 0	 26714
6	 7	 0	 104493
1	 9	 0	 90619
