A	 C	 G	 T
0	 4	 0	 79646
0	 6	 0	 24667
3	 3	 0	 148855
0	 6	 0	 110684
0	 6	 0	 105661
1	 5	 0	 30610
0	 5	 0	 81845
1	 6	 0	 87792
1	 6	 0	 114655
0	 5	 0	 37841
2	 9	 0	 135943
1	 4	 0	 99289
2	 6	 0	 136011
0	 4	 0	 30284
1	 9	 1	 107961
0	 5	 0	 90178
1	 9	 0	 147834
0	 4	 0	 32895
2	 7	 0	 138079
0	 2	 1	 81932
0	 0	 0	 24561
0	 0	 0	 2586
1	 7	 2	 107722
0	 3	 0	 56480
2	 6	 0	 142388
1	 6	 0	 30090
0	 6	 0	 66686
1	 6	 0	 118199
0	 2	 0	 23269
0	 2	 0	 28345
0	 6	 1	 93859
0	 0	 0	 22699
1	 9	 0	 127723
0	 1	 0	 27632
1	 1	 0	 43054
2	 7	 0	 102289
0	 2	 0	 13877
0	 4	 0	 35259
1	 6	 0	 97737
0	 1	 0	 74874
0	 9	 0	 125651
0	 0	 0	 103
0	 9	 0	 132512
0	 3	 0	 84541
0	 8	 0	 30603
0	 7	 0	 29432
0	 3	 0	 101042
0	 3	 0	 87808
