A	 C	 G	 T
25	 5	 63061	 40
5	 3	 16605	 9
43	 3	 117499	 68
27	 3	 88892	 54
28	 0	 84122	 45
10	 0	 20679	 12
22	 5	 65386	 38
28	 4	 69430	 39
35	 2	 91856	 54
16	 1	 24892	 10
43	 6	 108758	 65
42	 3	 79565	 47
56	 9	 107701	 57
7	 2	 20427	 13
38	 7	 86233	 56
29	 5	 71732	 54
49	 5	 117226	 76
7	 1	 22700	 8
46	 8	 110938	 68
27	 3	 65249	 36
10	 1	 17076	 9
2	 0	 1796	 0
34	 5	 84941	 49
21	 3	 45089	 28
39	 0	 114747	 65
2	 3	 20124	 12
17	 2	 52890	 36
42	 4	 93970	 59
5	 1	 16049	 8
10	 0	 19173	 9
23	 8	 74391	 53
8	 2	 20703	 11
47	 7	 101496	 61
10	 2	 18137	 8
15	 0	 34055	 13
31	 3	 81005	 50
5	 1	 9516	 3
8	 0	 23937	 14
45	 6	 77056	 41
35	 8	 60066	 39
41	 8	 98887	 62
0	 0	 82	 0
41	 4	 102491	 53
29	 3	 66792	 39
10	 1	 21132	 5
9	 2	 19997	 10
28	 3	 79985	 50
35	 3	 69211	 52
