A	 C	 G	 T
1	 82863	 0	 1
1	 25731	 0	 1
4	 154470	 1	 2
8	 115080	 0	 3
1	 109548	 0	 4
0	 31943	 0	 1
0	 85527	 0	 1
2	 91203	 1	 4
3	 119687	 1	 3
2	 39629	 0	 1
3	 140967	 0	 3
2	 102736	 0	 3
4	 141118	 0	 2
0	 31714	 0	 1
1	 111888	 0	 3
4	 93829	 0	 3
1	 153450	 3	 3
2	 34433	 1	 0
2	 143331	 0	 1
3	 85046	 0	 1
0	 25616	 0	 0
0	 2706	 0	 0
5	 112402	 0	 1
3	 58533	 0	 0
1	 147948	 0	 5
0	 31500	 0	 2
3	 69276	 1	 1
4	 122672	 0	 4
1	 24219	 1	 1
1	 29728	 0	 1
2	 97490	 0	 2
0	 23644	 1	 1
3	 132789	 1	 1
0	 29076	 0	 2
2	 44656	 0	 1
4	 106025	 0	 2
1	 14482	 0	 1
0	 36883	 0	 0
0	 101534	 2	 2
1	 77928	 0	 1
6	 130494	 0	 5
0	 106	 0	 0
2	 138271	 1	 3
1	 87843	 1	 2
1	 32260	 0	 2
0	 30790	 0	 0
2	 104832	 0	 2
6	 90949	 0	 2
