A	 C	 G	 T
3	 0	 82118	 4
1	 0	 25560	 3
3	 2	 153457	 3
6	 0	 114425	 9
2	 2	 108844	 6
2	 1	 31762	 3
3	 0	 84779	 1
2	 0	 90592	 5
5	 3	 118671	 7
2	 0	 39309	 0
4	 0	 139975	 4
2	 1	 102266	 3
4	 1	 140155	 2
1	 1	 31450	 2
2	 1	 111219	 8
2	 1	 92916	 1
6	 2	 152389	 6
0	 0	 34133	 2
2	 0	 142405	 5
2	 1	 84453	 5
4	 0	 25364	 2
1	 0	 2677	 0
2	 0	 111202	 2
0	 1	 58134	 4
6	 3	 146918	 12
0	 1	 31253	 0
3	 1	 68794	 3
6	 0	 121902	 8
2	 1	 24023	 1
0	 1	 29400	 4
1	 0	 96796	 3
0	 0	 23410	 1
2	 1	 131840	 10
1	 0	 28840	 2
0	 0	 44390	 2
4	 2	 105548	 4
0	 0	 14379	 1
2	 0	 36567	 2
1	 1	 100862	 6
1	 1	 77298	 0
3	 1	 129565	 3
0	 0	 106	 0
2	 4	 136839	 5
1	 1	 87223	 4
4	 0	 31907	 3
3	 0	 30514	 6
4	 4	 104164	 3
0	 2	 90533	 4
