A	 C	 G	 T
82376	 0	 9	 10
21774	 0	 1	 5
152779	 0	 8	 4
114361	 0	 0	 10
108462	 0	 5	 12
27305	 0	 1	 4
84815	 0	 5	 8
90220	 0	 3	 8
119068	 1	 7	 11
33017	 0	 0	 3
139875	 0	 9	 13
102187	 1	 1	 7
140080	 0	 7	 8
27071	 0	 0	 3
111088	 1	 4	 6
92925	 0	 3	 8
151991	 0	 6	 15
29800	 0	 1	 2
143097	 0	 6	 12
84327	 0	 2	 4
22397	 0	 1	 1
2429	 0	 0	 0
111520	 1	 3	 7
57988	 1	 1	 2
147813	 0	 7	 13
26616	 1	 3	 5
68449	 1	 1	 5
121545	 0	 6	 12
21130	 0	 0	 3
25228	 1	 0	 4
96701	 0	 5	 11
23507	 0	 2	 1
131400	 2	 3	 13
24104	 0	 1	 3
44190	 0	 1	 3
105035	 1	 2	 10
12533	 0	 1	 4
31778	 0	 1	 2
100421	 0	 4	 6
77202	 0	 3	 9
129126	 0	 3	 8
106	 0	 0	 0
133736	 0	 5	 7
87178	 0	 2	 3
27855	 1	 2	 2
26568	 0	 0	 2
103789	 0	 1	 7
90099	 0	 4	 5
