A	 C	 G	 T
1	 5	 0	 80665
1	 4	 0	 25069
3	 4	 0	 150982
2	 1	 0	 112494
3	 0	 0	 107390
0	 2	 0	 31030
0	 3	 0	 83791
2	 3	 0	 88973
3	 2	 0	 117325
0	 6	 0	 38441
1	 4	 0	 137904
0	 3	 0	 100762
1	 5	 0	 137835
0	 6	 0	 30717
1	 2	 0	 109449
0	 2	 0	 91298
2	 7	 0	 149956
0	 3	 0	 33518
0	 5	 0	 140089
3	 0	 0	 83154
0	 1	 0	 24852
0	 0	 0	 2608
0	 2	 0	 109377
1	 1	 0	 57179
1	 4	 0	 144294
0	 3	 0	 30554
0	 2	 0	 67753
0	 1	 0	 119763
0	 1	 0	 23586
0	 4	 0	 28670
1	 3	 0	 95218
0	 0	 0	 22990
1	 3	 0	 129457
0	 4	 1	 28122
0	 2	 0	 43679
2	 2	 0	 103712
0	 0	 0	 14062
1	 1	 0	 35755
0	 2	 0	 99123
1	 3	 0	 75984
2	 4	 0	 127410
0	 0	 0	 104
0	 3	 0	 134319
1	 5	 1	 85746
0	 4	 0	 31520
0	 2	 0	 29821
1	 2	 0	 102465
2	 5	 1	 88948
