A	 C	 G	 T
3	 3	 69305	 20
1	 1	 18344	 1
8	 4	 127922	 17
7	 5	 96596	 28
3	 7	 91329	 12
3	 1	 22708	 3
7	 3	 71677	 12
6	 0	 75979	 16
8	 5	 100389	 17
3	 2	 27591	 5
9	 1	 122109	 23
8	 4	 87756	 16
7	 4	 117118	 29
3	 0	 22619	 5
4	 3	 94239	 14
4	 2	 80496	 19
8	 3	 128252	 18
0	 1	 25128	 5
6	 4	 122376	 23
8	 1	 72052	 8
2	 0	 18760	 5
0	 1	 1982	 0
7	 4	 93923	 22
6	 3	 49165	 11
10	 8	 126311	 23
4	 2	 22139	 5
4	 0	 59849	 13
6	 3	 105330	 21
1	 1	 17705	 3
2	 1	 21820	 2
4	 6	 81657	 18
0	 0	 20161	 7
8	 6	 112118	 21
2	 1	 20351	 4
3	 4	 37448	 10
3	 0	 90156	 21
0	 1	 10558	 1
2	 0	 26614	 1
5	 1	 84521	 16
3	 1	 65203	 9
9	 1	 108632	 26
0	 0	 88	 0
10	 6	 115033	 26
3	 4	 72430	 12
0	 1	 23192	 4
2	 1	 22476	 0
5	 1	 87898	 18
7	 0	 73796	 19
