A	 C	 G	 T
4	 2	 81197	 5
0	 1	 25204	 4
8	 5	 151841	 6
7	 4	 112735	 5
3	 2	 107835	 2
0	 3	 31303	 6
5	 3	 83968	 7
3	 0	 89664	 1
4	 4	 117123	 6
2	 1	 38691	 4
8	 7	 138583	 5
6	 2	 100939	 8
11	 4	 138575	 3
1	 0	 30971	 6
4	 4	 109993	 8
1	 3	 91957	 4
2	 6	 150676	 7
2	 1	 33690	 2
4	 5	 140956	 4
2	 0	 83534	 4
3	 1	 25056	 6
0	 0	 2636	 1
8	 2	 109994	 8
1	 1	 57590	 2
3	 8	 145182	 4
2	 3	 30784	 7
3	 2	 68071	 4
7	 3	 120458	 2
0	 1	 23773	 4
4	 2	 28991	 2
7	 3	 95723	 2
0	 0	 23134	 1
7	 6	 130338	 10
1	 0	 28325	 3
1	 0	 43920	 1
5	 6	 104241	 3
0	 0	 14108	 0
2	 2	 36032	 2
4	 2	 99764	 4
2	 1	 76232	 3
7	 6	 128135	 7
0	 0	 104	 0
5	 3	 135332	 6
5	 1	 86166	 5
2	 0	 31345	 4
5	 0	 30084	 5
6	 3	 103027	 0
6	 1	 89383	 5
