A	 C	 G	 T
20	 5	 2	 65204
2	 0	 0	 17174
16	 12	 0	 121507
19	 11	 0	 91988
23	 7	 0	 87151
0	 2	 0	 21426
25	 10	 0	 67777
9	 8	 0	 71896
12	 3	 1	 95237
1	 4	 0	 25870
29	 4	 0	 112534
15	 6	 1	 82256
7	 7	 0	 112212
4	 3	 0	 21245
21	 6	 1	 89231
11	 6	 0	 74381
14	 10	 0	 121354
4	 3	 0	 23550
22	 8	 2	 114716
13	 4	 0	 67451
1	 3	 0	 17745
0	 0	 0	 1864
19	 8	 0	 87734
10	 6	 1	 46684
16	 14	 0	 118849
3	 1	 0	 20912
18	 11	 0	 54705
16	 9	 0	 97229
1	 4	 0	 16685
2	 0	 0	 19974
18	 7	 0	 77021
2211	 1	 54	 19124
16	 7	 4	 105194
1	 2	 0	 18833
18	 0	 0	 35270
14	 10	 0	 83936
1	 0	 0	 9847
3	 2	 0	 24847
18	 8	 1	 79855
13	 3	 0	 62213
12	 8	 1	 102423
0	 0	 0	 85
14	 9	 1	 106141
12	 3	 1	 69060
1	 0	 0	 21912
0	 2	 0	 20734
10	 6	 0	 82807
16	 9	 1	 71602
