A	 C	 G	 T
3	 0	 0	 81987
0	 0	 0	 21658
3	 5	 0	 151783
4	 2	 0	 113773
3	 3	 0	 107952
2	 1	 0	 27136
3	 3	 0	 84454
1	 1	 0	 89671
5	 4	 1	 118561
0	 1	 0	 32859
5	 0	 0	 139123
4	 0	 0	 101663
4	 4	 1	 139259
1	 0	 0	 26928
6	 5	 0	 110503
2	 1	 0	 92425
7	 3	 0	 151256
2	 1	 0	 29642
4	 5	 0	 142518
2	 1	 0	 83860
0	 1	 0	 22265
0	 0	 0	 2411
2	 5	 0	 111041
2	 0	 0	 57700
1	 3	 0	 147123
2	 3	 0	 26444
2	 2	 1	 68171
5	 4	 0	 120871
0	 2	 0	 20982
1	 1	 0	 25030
3	 3	 0	 96175
1	 0	 0	 23357
3	 5	 0	 130761
2	 3	 0	 23963
1	 0	 0	 44001
5	 0	 0	 104607
1	 0	 0	 12448
1	 0	 0	 31624
3	 2	 0	 99921
1	 1	 0	 76827
1	 3	 1	 128516
0	 0	 0	 104
5	 4	 0	 133196
0	 2	 0	 86512
1	 2	 0	 27674
1	 0	 0	 26396
4	 1	 0	 103306
3	 2	 0	 89422
