A	 C	 G	 T
4	 2	 81347	 13
2	 0	 21515	 0
4	 2	 150758	 15
6	 3	 113060	 12
10	 1	 107376	 6
1	 0	 26986	 0
4	 1	 83803	 17
3	 1	 89209	 11
5	 3	 117750	 8
5	 1	 32624	 0
8	 4	 137922	 12
8	 2	 101128	 11
1	 4	 138421	 10
1	 0	 26762	 0
8	 1	 109950	 8
4	 2	 91758	 13
2	 1	 150271	 11
3	 1	 29449	 1
6	 1	 141526	 12
2	 1	 83261	 13
2	 0	 22153	 0
0	 0	 2393	 0
5	 1	 109877	 18
2	 1	 57471	 9
4	 2	 146059	 19
3	 2	 26295	 2
5	 1	 67629	 7
7	 2	 119966	 11
0	 1	 20916	 1
0	 0	 24821	 0
7	 3	 95477	 17
0	 0	 23230	 4
6	 0	 129841	 11
0	 1	 23779	 0
3	 0	 43727	 7
5	 2	 103704	 10
0	 0	 12392	 0
1	 1	 31369	 1
10	 1	 99276	 10
1	 0	 76430	 5
4	 1	 127511	 10
0	 0	 104	 0
8	 1	 132033	 10
2	 1	 85829	 4
3	 0	 27513	 1
4	 0	 26208	 0
5	 3	 102563	 14
4	 1	 88828	 15
