A	 C	 G	 T
4	 0	 80796	 5
3	 0	 21271	 2
7	 1	 149959	 7
4	 1	 112496	 3
4	 1	 106775	 5
0	 0	 26800	 1
7	 1	 83384	 1
1	 1	 88681	 4
5	 2	 116893	 14
4	 1	 32314	 1
5	 3	 137522	 2
5	 3	 100499	 4
3	 1	 137757	 9
4	 0	 26549	 1
10	 2	 109388	 4
5	 0	 91331	 5
8	 5	 149594	 5
4	 1	 29242	 1
9	 3	 140225	 5
4	 0	 82853	 4
1	 1	 22012	 1
0	 0	 2384	 0
8	 1	 109388	 3
2	 1	 57040	 2
10	 2	 144790	 8
0	 0	 26111	 1
2	 2	 67067	 5
6	 1	 119413	 4
0	 0	 20786	 2
1	 2	 24713	 0
4	 1	 95092	 7
2	 0	 23081	 2
2	 1	 128703	 5
1	 2	 23685	 0
4	 1	 43545	 4
3	 0	 103205	 7
2	 1	 12300	 0
3	 1	 31194	 4
8	 0	 98900	 5
5	 1	 76072	 5
8	 1	 126616	 4
0	 0	 105	 0
9	 2	 131514	 7
4	 1	 85537	 5
3	 1	 27397	 2
2	 0	 26076	 0
2	 0	 102138	 7
1	 1	 88126	 2
