A	 C	 G	 T
2	 1	 0	 72168
1	 0	 0	 18962
0	 4	 0	 132558
3	 2	 0	 99288
3	 4	 0	 94837
0	 3	 0	 23517
0	 0	 0	 73659
3	 3	 0	 78574
3	 1	 0	 103575
0	 1	 0	 28859
4	 3	 0	 123862
3	 4	 0	 89794
0	 2	 0	 121162
0	 1	 0	 23505
2	 2	 0	 96899
5	 4	 0	 81216
2	 3	 0	 133082
1	 0	 0	 25999
2	 4	 0	 125310
2	 4	 0	 73437
1	 0	 0	 19352
0	 0	 0	 2071
2	 4	 0	 96689
3	 4	 0	 50698
2	 3	 0	 128750
0	 1	 0	 22654
0	 1	 0	 59873
1	 4	 0	 106226
0	 1	 0	 18535
0	 3	 0	 22116
7	 3	 0	 84987
0	 0	 0	 20667
2	 3	 0	 115292
0	 0	 0	 20912
1	 3	 0	 39052
1	 3	 0	 91795
0	 0	 0	 10911
1	 0	 0	 27475
1	 2	 0	 88150
2	 2	 0	 67662
5	 3	 0	 113330
0	 0	 0	 94
2	 2	 0	 116866
2	 2	 0	 75227
1	 1	 0	 24164
1	 1	 0	 22960
2	 1	 0	 90704
2	 3	 0	 78082
