A	 C	 G	 T
0	 5	 5	 82228
2	 1	 9	 25521
5	 6	 1	 153026
2	 8	 2	 114334
2	 9	 3	 108617
3	 6	 20	 31754
3	 5	 2	 84765
5	 8	 3	 90370
2	 11	 6	 118355
0	 6	 13	 39222
5	 9	 4	 139598
3	 4	 2	 101436
2	 7	 3	 139756
2	 3	 19	 31468
4	 11	 2	 110947
1	 5	 2	 93009
5	 11	 3	 152107
0	 6	 16	 34096
5	 5	 4	 142030
1	 7	 3	 84257
2	 0	 12	 25410
1	 0	 12	 2677
1	 5	 2	 111446
2	 2	 1	 58036
2	 10	 0	 146573
1	 4	 22	 31161
2	 3	 0	 68632
8	 6	 2	 121602
0	 1	 16	 24035
0	 3	 16	 29520
4	 5	 1	 96597
1	 2	 0	 23442
4	 3	 3	 131598
0	 2	 13	 28806
2	 1	 0	 44214
5	 1	 2	 105344
1	 0	 8	 14228
0	 3	 18	 36566
2	 7	 5	 100616
1	 7	 1	 77331
3	 6	 4	 129241
0	 0	 0	 105
3	 15	 19	 136912
1	 3	 2	 87004
1	 3	 19	 31964
3	 0	 10	 30516
1	 7	 3	 103868
2	 7	 2	 90327
