A	 C	 G	 T
3	 81126	 0	 4
2	 25177	 0	 2
4	 151817	 0	 5
5	 112657	 1	 0
2	 107711	 0	 5
3	 31246	 1	 2
1	 83326	 0	 4
0	 89500	 1	 0
6	 116602	 2	 5
1	 38718	 0	 0
2	 138476	 0	 6
3	 100978	 2	 1
4	 138604	 1	 3
0	 31023	 0	 1
3	 110087	 0	 6
1	 91914	 0	 6
7	 150640	 2	 5
1	 33646	 0	 1
3	 140722	 4	 4
3	 83467	 0	 4
2	 25036	 0	 0
0	 2636	 0	 1
4	 109979	 1	 3
1	 57584	 0	 3
8	 145266	 1	 3
1	 30760	 1	 2
1	 68049	 1	 3
2	 120564	 2	 2
0	 23720	 0	 2
1	 28979	 0	 2
1	 95764	 0	 5
2	 23113	 0	 3
3	 130341	 0	 4
2	 28357	 0	 4
2	 43993	 0	 2
2	 104289	 0	 5
1	 14131	 0	 1
2	 36026	 0	 4
7	 99662	 1	 6
3	 76351	 1	 0
3	 128081	 0	 6
0	 106	 0	 0
0	 135222	 2	 4
3	 86205	 0	 4
1	 31252	 1	 0
2	 30088	 0	 1
13	 103048	 0	 3
3	 89359	 2	 4
