A	 C	 G	 T
4	 1	 658	 8
1	 0	 115	 1
10	 0	 888	 8
4	 1	 551	 8
3	 1	 635	 4
0	 0	 151	 0
1	 0	 500	 4
2	 1	 745	 5
3	 6	 536	 18
0	 0	 257	 0
4	 4	 812	 10
2	 4	 517	 3
3	 0	 978	 2
2	 0	 156	 3
6	 2	 820	 5
5	 0	 480	 7
12	 2	 922	 14
3	 1	 188	 0
5	 1	 843	 10
6	 0	 388	 5
1	 1	 141	 0
0	 0	 11	 0
5	 1	 800	 11
1	 1	 311	 7
6	 1	 1102	 9
0	 0	 140	 1
6	 0	 458	 3
4	 1	 616	 10
2	 0	 134	 0
1	 0	 131	 2
3	 1	 888	 8
0	 0	 147	 1
6	 0	 628	 4
0	 1	 142	 0
4	 1	 284	 3
4	 1	 561	 4
1	 0	 43	 0
2	 0	 249	 0
6	 0	 693	 6
2	 0	 468	 5
3	 0	 939	 11
0	 0	 0	 0
3	 0	 771	 6
3	 1	 490	 9
2	 1	 123	 3
1	 0	 190	 5
1	 0	 837	 2
3	 1	 532	 4
