A	 C	 G	 T
5	 0	 80597	 3
1	 0	 24965	 3
8	 0	 150773	 7
5	 1	 112099	 8
1	 0	 107056	 15
2	 1	 31103	 6
3	 2	 82953	 3
5	 2	 88872	 4
5	 1	 116124	 8
0	 0	 38439	 0
6	 3	 137504	 6
9	 1	 100436	 3
4	 2	 137633	 4
1	 0	 30721	 2
4	 2	 109340	 8
1	 0	 91291	 4
5	 1	 149605	 14
2	 0	 33395	 10
4	 0	 139738	 12
2	 1	 82949	 6
0	 0	 24827	 1
0	 0	 2620	 0
3	 3	 109130	 3
0	 0	 57122	 4
11	 2	 144111	 6
2	 0	 30541	 0
0	 1	 67537	 5
3	 2	 119658	 7
2	 0	 23588	 4
2	 0	 28665	 2
2	 1	 94961	 4
2	 1	 22987	 5
6	 0	 129353	 5
1	 0	 28058	 3
4	 1	 43674	 1
2	 1	 103601	 3
0	 0	 14081	 1
3	 0	 35701	 4
5	 1	 98926	 8
2	 0	 75923	 5
5	 0	 127136	 9
0	 0	 102	 0
2	 2	 134217	 3
9	 0	 85594	 5
2	 2	 31068	 3
4	 1	 29872	 3
3	 2	 102294	 4
5	 0	 88872	 7
