A	 C	 G	 T
3	 83094	 7	 8
1	 32012	 1	 9
4	 154826	 6	 7
4	 115643	 2	 4
1	 109688	 3	 3
0	 36927	 3	 11
0	 85757	 6	 6
1	 91367	 3	 2
5	 120203	 4	 6
2	 43157	 1	 10
4	 141185	 4	 7
4	 103032	 5	 10
6	 141415	 7	 9
2	 36170	 3	 12
3	 112131	 6	 8
2	 93980	 5	 12
1	 153640	 7	 11
0	 38573	 1	 13
4	 143392	 5	 4
6	 85113	 4	 6
1	 29759	 0	 4
0	 4803	 0	 1
3	 112620	 5	 3
1	 58599	 3	 3
6	 148091	 5	 12
0	 34972	 4	 12
2	 69338	 1	 5
9	 122890	 6	 7
1	 28099	 3	 5
3	 34129	 2	 10
0	 97718	 2	 10
2	 27365	 1	 1
5	 133029	 3	 7
3	 34369	 2	 9
1	 44650	 2	 2
3	 106404	 7	 6
1	 18774	 2	 11
0	 42558	 3	 12
3	 101720	 4	 8
4	 78111	 2	 3
5	 130574	 3	 9
0	 109	 0	 0
4	 143011	 7	 10
4	 87948	 5	 9
2	 36362	 1	 6
0	 35452	 1	 10
3	 104932	 4	 7
4	 91220	 3	 8
