A	 C	 G	 T
2	 3	 0	 80833
1	 2	 0	 21275
4	 3	 0	 150039
3	 1	 0	 112514
7	 5	 0	 106743
1	 1	 0	 26811
2	 2	 0	 83438
3	 4	 0	 88707
2	 7	 0	 116930
0	 2	 0	 32323
3	 4	 0	 137549
2	 0	 0	 100518
1	 2	 0	 137848
2	 0	 0	 26563
2	 2	 0	 109402
1	 2	 0	 91369
6	 5	 0	 149623
0	 3	 2	 29241
5	 6	 0	 140253
2	 1	 0	 82885
0	 2	 0	 22015
1	 1	 0	 2379
1	 2	 0	 109440
2	 0	 0	 57064
6	 4	 0	 144851
0	 4	 0	 26111
1	 1	 0	 67102
2	 4	 1	 119482
0	 2	 0	 20779
1	 0	 0	 24719
1	 6	 0	 95129
0	 1	 0	 23080
3	 0	 0	 128770
0	 0	 0	 23682
1	 2	 0	 43549
1	 4	 1	 103303
0	 0	 0	 12310
1	 0	 0	 31209
4	 2	 1	 98925
1	 4	 0	 76074
4	 2	 0	 126645
0	 0	 0	 105
1	 4	 0	 131557
2	 3	 0	 85615
0	 2	 0	 27402
0	 0	 0	 26093
4	 3	 0	 102153
5	 4	 0	 88168
