A	 C	 G	 T
3	 67384	 0	 0
0	 18234	 0	 0
1	 125799	 0	 3
4	 94776	 0	 0
3	 89000	 0	 0
1	 22742	 0	 2
2	 70422	 0	 1
2	 73918	 0	 0
2	 98361	 0	 1
0	 27596	 0	 1
2	 114299	 0	 0
3	 83416	 0	 0
2	 114487	 0	 0
3	 22557	 0	 2
4	 91421	 0	 0
4	 76436	 0	 0
3	 124534	 0	 2
1	 25019	 0	 0
5	 118785	 0	 3
0	 70286	 0	 1
0	 18513	 0	 0
0	 1986	 0	 0
2	 90825	 0	 1
2	 47565	 0	 4
6	 121854	 0	 1
0	 22110	 0	 0
1	 56642	 0	 0
3	 100754	 0	 2
3	 17302	 0	 0
0	 20817	 0	 1
6	 79167	 0	 0
2	 19537	 0	 1
5	 108598	 0	 0
1	 19975	 0	 1
0	 36950	 0	 1
1	 87153	 0	 0
0	 10422	 0	 0
2	 26092	 0	 0
2	 82250	 0	 0
2	 64954	 0	 0
4	 105670	 0	 0
0	 84	 0	 0
3	 110893	 0	 2
6	 71972	 0	 1
0	 22791	 0	 0
1	 22006	 0	 1
1	 85072	 0	 2
3	 74060	 0	 1
