A	 C	 G	 T
1	 82158	 7	 5
2	 31401	 0	 17
5	 152804	 11	 4
8	 113926	 2	 6
1	 108347	 6	 6
1	 36338	 1	 9
3	 84574	 6	 5
5	 90271	 0	 6
8	 118477	 10	 8
3	 42456	 5	 12
6	 139419	 7	 12
4	 101788	 8	 6
6	 139530	 9	 8
1	 35521	 6	 16
3	 110683	 9	 3
5	 92777	 0	 8
9	 151800	 11	 6
1	 37936	 4	 10
7	 141715	 6	 9
0	 84128	 8	 9
2	 29235	 0	 12
0	 4680	 2	 5
5	 111177	 4	 10
4	 57926	 2	 5
11	 146343	 9	 5
1	 34366	 1	 10
3	 68483	 9	 1
9	 121367	 5	 5
4	 27672	 1	 4
0	 33514	 1	 19
2	 96419	 5	 7
6	 26993	 0	 5
4	 131260	 7	 8
2	 33713	 2	 16
1	 44124	 4	 5
7	 105015	 8	 7
4	 18434	 0	 10
1	 41878	 2	 17
5	 100471	 4	 7
2	 77113	 7	 4
9	 128977	 10	 6
0	 106	 0	 0
5	 141122	 9	 19
3	 86879	 8	 7
5	 35585	 3	 8
1	 34903	 6	 17
7	 103714	 3	 8
0	 90071	 8	 4
