A	 C	 G	 T
82269	 5	 2	 1
25602	 2	 4	 0
153308	 8	 6	 2
114055	 3	 0	 4
108840	 7	 2	 2
31820	 1	 2	 1
84720	 3	 1	 3
90559	 4	 1	 1
118058	 7	 3	 1
39320	 0	 3	 1
139816	 4	 2	 3
101711	 5	 2	 6
140074	 2	 4	 2
31490	 1	 1	 2
111231	 3	 5	 0
93247	 5	 3	 4
152395	 9	 7	 4
34160	 0	 2	 1
142223	 5	 8	 3
84469	 1	 2	 1
25452	 1	 0	 2
2683	 0	 0	 0
111640	 2	 6	 5
58157	 2	 1	 2
146908	 4	 3	 1
31245	 2	 1	 0
68787	 0	 1	 2
121858	 5	 4	 0
24061	 0	 3	 0
29545	 0	 0	 1
96751	 3	 2	 1
23453	 1	 0	 2
131779	 5	 4	 5
28809	 1	 1	 2
44312	 0	 2	 1
105481	 8	 3	 1
14292	 0	 1	 0
36611	 2	 2	 0
100818	 4	 3	 3
77410	 6	 3	 2
129518	 3	 6	 2
104	 0	 0	 0
137152	 4	 3	 6
87151	 1	 2	 0
31851	 0	 0	 0
30575	 0	 0	 0
104132	 3	 3	 0
90514	 5	 2	 3
