A	 C	 G	 T
0	 2	 0	 39809
0	 3	 0	 10349
2	 0	 0	 52197
1	 4	 0	 60929
0	 1	 0	 50692
1	 2	 0	 13639
0	 2	 0	 42721
0	 6	 0	 43747
1	 3	 0	 63786
0	 9	 0	 15514
0	 7	 0	 110874
2	 2	 0	 46470
2	 4	 0	 56284
0	 6	 0	 13487
0	 3	 0	 54906
2	 5	 0	 43155
1	 4	 1	 73296
0	 7	 0	 13771
1	 2	 0	 44162
0	 1	 0	 29388
0	 2	 0	 11179
0	 0	 0	 1067
0	 2	 0	 52085
0	 2	 0	 28939
1	 1	 1	 52879
1	 5	 0	 14358
1	 1	 0	 28994
1	 3	 1	 46402
1	 4	 0	 9659
0	 4	 0	 18882
1	 2	 0	 47535
0	 0	 0	 10233
1	 4	 1	 64002
0	 7	 0	 12341
0	 2	 0	 25607
4	 4	 0	 46723
0	 3	 0	 5520
0	 1	 0	 14509
0	 2	 0	 46290
0	 1	 0	 40339
0	 5	 0	 59264
0	 0	 0	 56
0	 6	 0	 64385
2	 1	 0	 30705
0	 2	 0	 14003
0	 2	 0	 13295
0	 3	 1	 50988
2	 1	 0	 32755
