A	 C	 G	 T
72103	 0	 0	 254
18950	 0	 1	 0
132533	 0	 4	 2
99241	 0	 1	 3
94772	 0	 4	 3
23512	 0	 0	 0
73633	 0	 0	 1
78519	 0	 2	 4
103519	 0	 1	 290
28830	 1	 2	 0
123829	 0	 3	 5
89783	 0	 3	 0
121091	 3	 2	 3
23485	 0	 1	 1
96837	 0	 3	 5
81195	 0	 3	 4
133034	 0	 0	 17
25981	 0	 1	 3
125238	 0	 5	 1
73435	 1	 1	 1
19339	 0	 2	 0
2069	 0	 0	 0
96645	 0	 0	 318
50708	 0	 1	 1
128700	 0	 1	 379
22651	 0	 1	 0
59858	 0	 4	 3
106215	 0	 4	 3
18530	 0	 0	 1
22110	 0	 1	 3
84965	 0	 3	 7
20658	 0	 0	 0
115248	 0	 3	 60
20902	 0	 1	 1
39029	 0	 0	 2
91766	 0	 3	 2
10914	 0	 0	 0
27455	 0	 0	 79
88124	 0	 4	 6
67648	 0	 1	 1
113273	 0	 3	 1
94	 0	 0	 0
116883	 0	 4	 3
75215	 1	 1	 2
24157	 0	 0	 2
22962	 0	 1	 0
90656	 0	 2	 2
78057	 0	 1	 209
