A	 C	 G	 T
2	 82045	 0	 377
1	 25631	 0	 0
5	 153453	 0	 3
3	 114570	 0	 3
0	 108843	 1	 1
2	 31826	 0	 0
2	 85036	 1	 5
7	 90596	 1	 0
2	 119007	 2	 1
0	 39402	 0	 0
4	 140004	 0	 3
0	 102151	 0	 3
1	 140173	 0	 2
0	 31530	 0	 1
1	 111244	 1	 2
1	 92992	 0	 269
1	 152395	 0	 4
2	 34264	 0	 3
2	 142387	 3	 1
3	 84503	 1	 2
0	 25507	 0	 1
0	 2679	 0	 2
1	 111091	 0	 504
0	 58132	 0	 2
4	 146964	 3	 6
0	 31261	 0	 1
0	 68818	 0	 0
6	 121888	 1	 2
0	 24070	 1	 2
0	 29613	 0	 1
2	 96854	 1	 1
0	 23397	 0	 83
3	 131898	 0	 1
0	 28891	 0	 1
2	 44312	 0	 1
4	 105476	 0	 3
0	 14404	 0	 0
1	 36666	 0	 0
1	 100895	 0	 1
1	 77178	 1	 339
1	 129586	 3	 6
0	 105	 0	 0
1	 136945	 0	 463
1	 87290	 1	 2
0	 32113	 0	 0
1	 30639	 0	 1
5	 104128	 0	 3
1	 90513	 0	 0
