A	 C	 G	 T
4	 79792	 0	 1
2	 20978	 0	 0
14	 148104	 1	 5
2	 111014	 2	 3
3	 105472	 2	 1
2	 26467	 2	 3
2	 82356	 3	 1
6	 87532	 1	 4
6	 115459	 2	 2
4	 31883	 1	 1
2	 135924	 4	 4
3	 99255	 3	 0
10	 136214	 4	 4
2	 26190	 0	 0
5	 107921	 0	 2
6	 89836	 2	 1
11	 147550	 2	 4
2	 28854	 1	 0
13	 138594	 3	 2
10	 81822	 4	 5
2	 21747	 0	 1
0	 2358	 0	 0
4	 107917	 2	 1
6	 56334	 4	 1
10	 143059	 2	 3
1	 25748	 0	 1
4	 66324	 2	 2
3	 117879	 1	 2
0	 20495	 1	 3
3	 24358	 1	 0
3	 93807	 2	 3
4	 22782	 0	 4
7	 127115	 2	 3
0	 23338	 0	 1
2	 42965	 0	 2
4	 101789	 4	 2
0	 12146	 0	 0
2	 30737	 0	 1
2	 97601	 1	 4
0	 75183	 0	 1
13	 124941	 4	 2
0	 102	 0	 0
10	 130009	 0	 4
5	 84604	 1	 3
2	 27013	 1	 4
3	 25730	 1	 4
3	 100734	 3	 2
2	 87068	 2	 3
