A	 C	 G	 T
9	 0	 81508	 6
4	 0	 25419	 11
10	 3	 152501	 11
6	 0	 113407	 19
4	 0	 108303	 6
4	 0	 31566	 13
4	 0	 84221	 13
6	 3	 89924	 11
6	 3	 117819	 11
1	 1	 39005	 15
11	 2	 139144	 3
8	 1	 101333	 11
7	 2	 139194	 12
4	 1	 31194	 14
9	 1	 110492	 14
1	 0	 92352	 6
7	 3	 151374	 9
2	 0	 33908	 6
5	 3	 141541	 13
5	 1	 83933	 13
2	 3	 25182	 9
0	 0	 2672	 1
5	 1	 110485	 8
2	 0	 57799	 8
9	 2	 145804	 17
2	 0	 31055	 7
1	 1	 68408	 7
5	 2	 120987	 15
1	 0	 23874	 6
5	 1	 29147	 6
3	 1	 96127	 13
5	 0	 23220	 5
12	 4	 130910	 15
2	 0	 28586	 8
2	 0	 44100	 2
5	 2	 104723	 8
0	 0	 14240	 4
3	 0	 36293	 13
6	 3	 100187	 9
4	 0	 76717	 4
10	 2	 128736	 10
0	 0	 106	 0
3	 1	 135883	 18
6	 0	 86617	 14
3	 3	 31741	 8
6	 0	 30326	 6
5	 3	 103436	 5
4	 2	 89859	 12
