A	 C	 G	 T
3	 77004	 0	 1
0	 20237	 0	 1
7	 141802	 4	 4
6	 106929	 4	 3
0	 101277	 3	 4
1	 25355	 0	 1
3	 79066	 4	 2
3	 84221	 2	 2
4	 111401	 3	 1
1	 30727	 1	 3
4	 132523	 1	 7
1	 96094	 0	 3
2	 130122	 4	 3
0	 25193	 0	 1
3	 103943	 5	 2
0	 87014	 0	 3
5	 141750	 0	 3
4	 27745	 2	 0
1	 134221	 5	 6
1	 78703	 0	 2
1	 20816	 1	 0
0	 2225	 1	 0
1	 103872	 2	 4
4	 54493	 2	 1
6	 138442	 2	 3
0	 24562	 0	 3
1	 63931	 2	 1
6	 114289	 5	 1
2	 19638	 0	 4
2	 23724	 0	 1
2	 90212	 1	 4
2	 21953	 0	 0
2	 122784	 0	 5
0	 22435	 0	 1
1	 41297	 4	 1
4	 97764	 5	 2
0	 11643	 0	 1
1	 29541	 0	 1
2	 93634	 5	 3
2	 72291	 3	 0
3	 120222	 3	 5
0	 98	 0	 0
4	 124656	 5	 5
1	 81037	 1	 1
0	 26029	 1	 1
0	 24690	 0	 1
3	 96836	 1	 2
1	 83092	 0	 0
