A	 C	 G	 T
82668	 0	 3	 2
25689	 0	 4	 2
154178	 1	 6	 5
114720	 0	 7	 3
109369	 0	 4	 3
31877	 0	 0	 0
85387	 1	 1	 0
91037	 0	 2	 2
119311	 1	 3	 1
39565	 0	 2	 3
140699	 3	 10	 2
102478	 1	 0	 2
140808	 1	 5	 4
31639	 1	 2	 0
111721	 1	 0	 6
93662	 1	 2	 2
153218	 2	 2	 7
34359	 0	 3	 5
143042	 0	 1	 3
84890	 1	 7	 7
25561	 0	 0	 0
2695	 0	 0	 0
112232	 1	 3	 2
58422	 1	 4	 2
147617	 3	 7	 6
31433	 3	 2	 1
69143	 0	 1	 3
122499	 2	 1	 4
24174	 0	 0	 0
29642	 0	 1	 1
97280	 0	 2	 3
23608	 0	 0	 4
132496	 1	 5	 2
28998	 0	 1	 1
44579	 0	 1	 1
105879	 0	 5	 2
14428	 0	 0	 0
36757	 1	 2	 2
101310	 0	 4	 6
77704	 0	 2	 2
130263	 0	 5	 2
106	 0	 0	 0
137963	 1	 5	 3
87652	 1	 1	 0
32172	 1	 1	 4
30720	 0	 3	 0
104625	 0	 3	 1
90682	 1	 6	 2
