A	 C	 G	 T
8	 82311	 7	 6
7	 31463	 3	 14
9	 153101	 9	 18
8	 114186	 6	 6
5	 108559	 2	 5
2	 36404	 1	 12
4	 84762	 1	 4
5	 90484	 4	 9
11	 118720	 9	 8
6	 42534	 5	 9
14	 139714	 7	 18
11	 102015	 7	 8
12	 139828	 11	 17
2	 35583	 2	 16
5	 110927	 5	 9
6	 93000	 4	 6
12	 152124	 4	 7
1	 38030	 1	 12
9	 142058	 9	 17
9	 84304	 3	 12
3	 29302	 3	 11
2	 4681	 0	 2
8	 111399	 3	 7
7	 58044	 3	 3
18	 146606	 4	 9
4	 34450	 1	 12
8	 68642	 5	 5
9	 121576	 8	 7
2	 27708	 1	 12
1	 33569	 1	 18
8	 96597	 5	 11
8	 27038	 1	 5
17	 131562	 8	 6
3	 33774	 1	 16
4	 44214	 0	 4
7	 105196	 5	 5
3	 18458	 3	 9
5	 41948	 1	 6
16	 100664	 0	 6
5	 77277	 3	 4
8	 129249	 7	 11
0	 107	 0	 0
15	 141381	 10	 26
9	 87037	 5	 1
1	 35691	 1	 10
6	 34972	 3	 12
9	 103908	 9	 8
7	 90249	 7	 7
