A	 C	 G	 T
6	 82764	 1	 4
0	 21867	 1	 2
3	 153478	 7	 12
1	 114925	 3	 8
6	 108988	 4	 7
1	 27455	 0	 0
3	 85327	 0	 7
2	 90706	 3	 2
5	 119684	 5	 11
3	 33187	 0	 7
4	 140464	 4	 2
2	 102619	 1	 11
3	 140776	 1	 10
6	 27239	 0	 1
0	 111702	 2	 7
3	 93328	 2	 6
2	 152730	 1	 9
0	 29925	 0	 4
6	 143805	 3	 9
2	 84711	 1	 4
1	 22532	 0	 2
0	 2441	 0	 0
6	 111979	 2	 5
1	 58261	 3	 3
4	 148546	 5	 7
0	 26757	 0	 1
2	 68813	 2	 4
1	 122133	 4	 3
2	 21233	 2	 1
0	 25285	 1	 3
1	 97216	 2	 6
1	 23644	 0	 0
4	 132083	 1	 3
6	 24196	 0	 2
1	 44374	 1	 4
4	 105592	 1	 8
0	 12599	 0	 0
2	 31948	 1	 1
4	 100964	 2	 12
3	 77586	 2	 6
11	 129783	 3	 12
0	 106	 0	 0
3	 134455	 3	 14
2	 87549	 0	 5
1	 27980	 1	 1
4	 26687	 0	 4
5	 104387	 1	 7
6	 90486	 2	 5
