A	 C	 G	 T
4	 2	 82440	 10
1	 0	 21798	 1
9	 7	 152904	 8
8	 3	 114422	 8
4	 4	 108589	 7
1	 2	 27343	 1
9	 2	 84957	 9
5	 3	 90256	 8
8	 2	 119217	 4
3	 0	 33075	 2
11	 2	 139909	 15
5	 1	 102227	 6
13	 3	 140186	 3
4	 0	 27100	 1
5	 4	 111202	 8
6	 5	 92982	 5
7	 4	 152166	 4
1	 3	 29810	 1
14	 5	 143240	 4
1	 9	 84373	 3
1	 2	 22422	 1
0	 0	 2430	 0
9	 1	 111619	 9
4	 1	 58055	 6
10	 6	 148000	 5
1	 1	 26644	 0
3	 1	 68497	 3
7	 3	 121559	 3
1	 2	 21154	 0
2	 1	 25205	 1
1	 1	 96814	 5
2	 0	 23547	 5
7	 5	 131468	 10
0	 0	 24130	 0
2	 2	 44234	 1
5	 3	 105117	 11
1	 0	 12545	 0
3	 0	 31828	 0
12	 4	 100524	 3
1	 1	 77302	 3
5	 5	 129263	 5
0	 0	 105	 0
2	 0	 133893	 5
7	 1	 87198	 3
1	 0	 27880	 2
3	 1	 26588	 1
4	 3	 103872	 13
6	 2	 90127	 6
