A	 C	 G	 T
0	 673	 0	 0
0	 116	 0	 0
0	 907	 0	 0
0	 562	 0	 0
0	 641	 0	 0
0	 152	 0	 0
0	 502	 0	 0
0	 752	 0	 0
0	 563	 0	 0
0	 256	 0	 1
0	 824	 0	 0
0	 522	 0	 0
0	 981	 0	 0
0	 161	 0	 0
0	 829	 0	 0
0	 490	 0	 0
0	 947	 0	 0
0	 192	 0	 0
0	 857	 0	 1
0	 399	 0	 0
0	 142	 0	 0
0	 11	 0	 0
0	 815	 0	 0
0	 320	 0	 0
0	 1118	 0	 0
0	 142	 0	 0
0	 464	 0	 0
0	 630	 0	 0
0	 136	 0	 0
0	 134	 0	 0
0	 891	 0	 2
0	 147	 0	 0
0	 637	 0	 0
0	 143	 0	 0
0	 287	 0	 1
0	 572	 0	 0
0	 44	 0	 0
0	 250	 0	 0
0	 704	 0	 0
0	 472	 0	 1
0	 948	 0	 1
0	 0	 0	 0
0	 778	 0	 0
0	 502	 0	 0
0	 130	 0	 0
0	 195	 0	 0
0	 838	 0	 0
0	 537	 0	 0
