A	 C	 G	 T
82184	 0	 0	 1
21728	 0	 1	 1
152271	 0	 4	 1
114029	 0	 2	 2
108186	 0	 0	 2
27242	 0	 1	 0
84580	 2	 0	 0
89973	 0	 3	 1
118793	 1	 3	 2
32956	 0	 0	 2
139387	 0	 3	 7
101914	 0	 0	 1
139607	 1	 2	 2
26995	 0	 0	 2
110824	 0	 3	 0
92627	 0	 2	 2
151659	 0	 4	 1
29708	 0	 1	 0
142729	 0	 3	 2
84090	 0	 1	 1
22315	 0	 0	 1
2418	 0	 0	 0
111222	 0	 2	 2
57824	 0	 0	 1
147425	 0	 1	 3
26517	 0	 0	 0
68254	 0	 0	 0
121120	 1	 4	 1
21066	 0	 1	 1
25106	 0	 0	 0
96481	 0	 2	 0
23443	 1	 0	 0
131026	 0	 6	 2
24055	 0	 0	 1
44072	 0	 1	 1
104719	 0	 2	 2
12496	 0	 0	 0
31718	 0	 0	 0
100181	 1	 0	 6
77072	 1	 0	 1
128857	 0	 4	 6
106	 0	 0	 0
133448	 0	 2	 1
86879	 1	 0	 1
27753	 0	 0	 0
26514	 0	 0	 1
103517	 0	 3	 1
89768	 0	 4	 2
