A	 C	 G	 T
2	 0	 0	 81003
1	 5	 0	 21434
3	 2	 0	 150644
2	 6	 0	 112750
5	 3	 0	 107027
1	 1	 0	 26906
3	 8	 0	 83629
3	 4	 0	 88913
1	 0	 1	 117146
0	 2	 0	 32533
0	 4	 1	 137855
1	 2	 0	 100738
2	 5	 0	 138046
0	 0	 0	 26668
1	 5	 0	 109600
1	 0	 0	 91744
3	 5	 0	 149867
2	 1	 0	 29370
2	 3	 1	 141167
3	 7	 0	 83181
0	 0	 0	 22074
0	 0	 0	 2385
2	 4	 0	 109531
3	 3	 0	 57192
5	 8	 1	 145262
1	 3	 0	 26185
0	 3	 0	 67547
5	 4	 0	 119819
0	 2	 0	 20831
1	 1	 0	 24847
2	 1	 0	 95280
0	 0	 0	 23189
1	 6	 0	 129527
1	 2	 0	 23749
1	 2	 0	 43637
1	 3	 0	 103587
1	 0	 0	 12346
1	 1	 1	 31263
1	 6	 0	 99069
5	 1	 0	 76253
2	 4	 0	 127300
0	 0	 0	 105
4	 2	 0	 131935
2	 2	 0	 85921
0	 5	 0	 27474
1	 1	 0	 26158
2	 4	 0	 102337
1	 2	 1	 88515
