A	 C	 G	 T
1	 0	 0	 66592
0	 1	 0	 17589
6	 4	 0	 122034
0	 1	 0	 92966
0	 6	 0	 87577
1	 0	 0	 21805
2	 3	 0	 68675
2	 2	 0	 72981
3	 3	 0	 96548
0	 2	 0	 26530
1	 3	 0	 118312
0	 0	 0	 84514
1	 4	 0	 112747
0	 0	 0	 21695
0	 1	 0	 90584
0	 0	 0	 77181
1	 4	 0	 123069
1	 2	 0	 24078
2	 2	 1	 117653
2	 1	 0	 69113
0	 1	 0	 17984
0	 0	 0	 1891
1	 6	 0	 90164
1	 0	 0	 47432
2	 2	 0	 121400
0	 1	 0	 21186
0	 2	 0	 57236
3	 3	 0	 101439
0	 0	 0	 16965
0	 3	 0	 21071
1	 0	 0	 78353
0	 0	 0	 19366
2	 2	 0	 107594
0	 0	 0	 19513
0	 0	 0	 35979
3	 6	 0	 86193
0	 0	 0	 10129
1	 1	 0	 25538
2	 2	 0	 81125
0	 2	 0	 62686
2	 3	 1	 104215
0	 0	 0	 85
1	 4	 0	 110146
1	 1	 0	 69342
0	 1	 0	 22315
0	 0	 0	 21512
5	 2	 0	 84290
2	 2	 0	 70457
