A	 C	 G	 T
1	 79040	 0	 0
3	 20799	 0	 2
6	 147613	 0	 5
5	 110036	 0	 3
5	 104583	 0	 2
3	 26176	 0	 1
1	 81710	 0	 1
6	 86644	 0	 2
8	 114636	 0	 5
2	 31518	 0	 2
12	 134944	 0	 7
4	 98733	 0	 2
6	 136096	 0	 1
1	 25986	 0	 0
9	 107002	 1	 3
1	 89413	 0	 0
8	 146414	 0	 4
2	 28563	 0	 0
11	 137938	 0	 6
5	 81051	 0	 2
2	 21555	 0	 1
0	 2334	 0	 0
7	 106977	 0	 4
5	 55824	 0	 2
11	 141774	 0	 4
4	 25525	 0	 0
2	 66104	 0	 1
3	 117297	 0	 1
0	 20322	 0	 0
3	 24214	 0	 0
10	 92923	 0	 7
1	 22634	 0	 1
11	 126095	 0	 3
1	 23053	 0	 1
5	 42557	 0	 2
9	 101598	 0	 3
0	 12008	 0	 1
1	 30487	 0	 3
5	 96712	 0	 1
4	 74469	 0	 5
14	 123836	 0	 8
0	 101	 0	 0
7	 129347	 0	 2
4	 84136	 0	 0
4	 26853	 0	 0
5	 25540	 0	 1
8	 99847	 0	 3
8	 86699	 0	 3
