A	 C	 G	 T
81797	 0	 1	 4
21602	 0	 0	 2
151313	 0	 5	 6
113423	 0	 1	 2
107651	 0	 6	 6
27065	 0	 2	 0
84197	 1	 2	 1
89427	 0	 2	 0
118222	 0	 3	 3
32762	 0	 2	 2
138684	 0	 2	 2
101406	 0	 0	 0
138791	 0	 5	 3
26845	 0	 2	 1
110198	 0	 6	 6
92132	 0	 4	 0
150860	 0	 2	 1
29552	 0	 0	 2
142132	 0	 1	 4
83606	 0	 3	 1
22181	 0	 0	 0
2405	 0	 0	 0
110719	 0	 4	 3
57531	 0	 1	 0
146671	 0	 6	 9
26339	 0	 2	 0
67951	 0	 4	 1
120461	 0	 5	 0
20933	 0	 1	 0
24924	 0	 1	 0
95935	 0	 4	 2
23290	 0	 1	 0
130344	 0	 2	 5
23901	 0	 0	 0
43863	 0	 0	 0
104251	 0	 2	 4
12419	 0	 0	 0
31527	 0	 0	 0
99638	 0	 2	 2
76654	 0	 3	 3
128138	 0	 4	 3
104	 0	 0	 0
132844	 0	 4	 3
86251	 0	 2	 2
27574	 0	 0	 1
26324	 0	 0	 1
103004	 0	 0	 2
89150	 0	 4	 4
