A	 C	 G	 T
54	 4	 63097	 63
16	 3	 16618	 10
102	 5	 117563	 92
87	 6	 88909	 72
78	 6	 84157	 65
33	 1	 20696	 10
51	 3	 65425	 62
69	 3	 69443	 51
94	 8	 91877	 73
21	 2	 24908	 20
85	 5	 108826	 92
69	 9	 79606	 77
83	 2	 107786	 80
14	 2	 20442	 12
78	 5	 86280	 80
59	 1	 71809	 60
107	 11	 117258	 116
20	 2	 22714	 12
78	 10	 111034	 106
58	 3	 65285	 64
14	 1	 17090	 14
5	 0	 1795	 1
61	 3	 84997	 75
41	 5	 45121	 44
102	 11	 114775	 103
15	 1	 20135	 18
43	 6	 52915	 54
67	 7	 94031	 79
7	 2	 16071	 9
16	 1	 19189	 8
62	 3	 74434	 76
18	 3	 20791	 24
94	 6	 101575	 88
14	 3	 18162	 20
23	 2	 34070	 27
63	 7	 81039	 80
10	 1	 9522	 3
19	 3	 23952	 16
58	 5	 77114	 74
65	 2	 60093	 61
98	 5	 98956	 88
0	 0	 82	 0
86	 9	 102547	 87
71	 9	 66846	 47
21	 0	 21149	 13
12	 0	 20019	 20
70	 4	 80048	 60
66	 8	 69249	 59
