A	 C	 G	 T
82375	 0	 12	 5
31511	 13	 20	 5
153373	 2	 30	 8
114366	 0	 25	 13
108794	 2	 19	 8
36412	 10	 25	 6
84939	 2	 15	 4
90521	 3	 15	 9
118974	 0	 33	 3
42591	 5	 12	 2
139939	 5	 33	 18
102036	 2	 17	 8
140112	 3	 27	 7
35583	 8	 16	 8
111058	 2	 12	 9
93058	 2	 19	 3
152348	 0	 30	 6
38047	 14	 18	 4
142350	 0	 29	 8
84407	 0	 15	 4
29282	 13	 11	 3
4687	 7	 4	 0
111471	 1	 22	 8
58055	 0	 11	 9
146706	 1	 22	 11
34483	 10	 15	 6
68778	 0	 10	 4
121756	 6	 16	 12
27728	 8	 9	 4
33468	 4	 30	 6
96693	 0	 21	 5
26668	 34	 6	 12
131753	 5	 36	 8
33673	 5	 16	 3
44265	 2	 9	 1
105418	 1	 18	 5
18417	 12	 12	 5
41994	 9	 25	 3
100768	 0	 16	 4
77410	 0	 15	 10
129385	 0	 25	 11
107	 0	 0	 0
141636	 10	 57	 9
87096	 1	 16	 6
35727	 8	 21	 4
34974	 5	 20	 6
103962	 3	 19	 7
90415	 2	 16	 5
