A	 C	 G	 T
1	 4	 0	 82501
2	 1	 0	 25662
3	 8	 0	 153659
2	 4	 0	 114682
0	 7	 0	 108981
0	 3	 0	 31863
0	 5	 0	 85156
1	 4	 0	 90683
0	 4	 0	 119187
0	 4	 0	 39403
1	 7	 0	 140192
2	 4	 0	 102276
5	 6	 0	 140367
0	 1	 0	 31560
2	 2	 0	 111361
1	 3	 0	 93360
4	 8	 1	 152587
0	 2	 0	 34303
5	 7	 0	 142555
1	 5	 0	 84597
0	 4	 0	 25557
0	 1	 0	 2688
2	 3	 1	 111734
1	 2	 0	 58223
2	 7	 0	 147167
0	 1	 0	 31301
2	 1	 0	 68873
1	 6	 0	 121994
0	 3	 0	 24095
0	 1	 0	 29639
1	 4	 1	 96984
1	 2	 0	 23501
2	 5	 0	 132035
1	 4	 0	 28911
1	 2	 0	 44361
0	 3	 0	 105601
0	 2	 0	 14428
0	 2	 0	 36725
2	 8	 0	 101050
2	 2	 0	 77560
0	 8	 0	 129792
0	 0	 0	 105
3	 6	 0	 137531
1	 3	 0	 87393
3	 0	 0	 32133
0	 2	 0	 30659
0	 2	 0	 104269
4	 2	 1	 90620
