A	 C	 G	 T
4	 81421	 0	 3
3	 21546	 1	 0
5	 151356	 0	 8
5	 113272	 0	 3
7	 107484	 2	 10
2	 27041	 0	 1
3	 84009	 1	 3
2	 89403	 0	 2
8	 117657	 0	 5
1	 32699	 0	 4
6	 138378	 0	 5
6	 101214	 0	 7
5	 138840	 3	 8
6	 26802	 1	 2
5	 110108	 0	 5
2	 92153	 0	 3
6	 150693	 3	 15
4	 29485	 0	 5
6	 141772	 1	 8
4	 83570	 3	 5
6	 22177	 0	 1
1	 2404	 0	 0
1	 110172	 1	 11
3	 57468	 1	 4
5	 145960	 0	 6
3	 26353	 0	 2
4	 67822	 1	 1
4	 120387	 0	 10
2	 20940	 0	 1
2	 24966	 1	 4
2	 95834	 1	 6
0	 23314	 0	 4
7	 130175	 2	 14
3	 23865	 1	 4
0	 43845	 1	 1
2	 104061	 0	 7
0	 12429	 0	 1
6	 31425	 1	 2
5	 99641	 0	 8
0	 76567	 0	 4
3	 128081	 0	 7
0	 105	 0	 0
2	 132526	 0	 7
1	 86336	 0	 2
0	 27638	 0	 2
3	 26321	 0	 2
5	 102899	 0	 6
2	 88901	 0	 7
