A	 C	 G	 T
81089	 0	 3	 0
21456	 0	 2	 1
150707	 0	 2	 6
112800	 0	 1	 5
107130	 0	 3	 0
26924	 0	 0	 0
83728	 0	 1	 5
89009	 0	 0	 0
117306	 0	 4	 4
32536	 0	 2	 0
138140	 0	 7	 4
100887	 1	 2	 2
138118	 1	 7	 2
26704	 0	 0	 1
109731	 0	 1	 2
91777	 1	 3	 0
150023	 0	 4	 3
29394	 0	 0	 3
141381	 0	 3	 6
83257	 0	 2	 2
22064	 0	 1	 1
2391	 0	 0	 0
109716	 0	 3	 2
57263	 0	 3	 2
145447	 1	 4	 4
26203	 0	 1	 0
67583	 0	 0	 2
119936	 0	 2	 1
20822	 0	 0	 0
24831	 0	 2	 0
95366	 0	 5	 6
23210	 0	 1	 0
129651	 0	 2	 8
23773	 0	 0	 2
43678	 0	 1	 0
103667	 0	 5	 2
12340	 0	 1	 0
31295	 0	 0	 1
99176	 0	 1	 2
76307	 0	 1	 1
127340	 0	 4	 1
103	 0	 0	 0
132037	 0	 6	 1
86012	 0	 0	 1
27489	 0	 0	 0
26178	 0	 1	 0
102437	 0	 1	 4
88542	 0	 5	 4
