A	 C	 G	 T
5	 41	 0	 83262
1	 57	 1	 32011
7	 94	 2	 155068
3	 68	 0	 115782
3	 71	 0	 109846
0	 60	 0	 36892
2	 47	 0	 85828
3	 60	 0	 91537
1	 93	 0	 120210
2	 65	 0	 43145
2	 95	 0	 141347
5	 67	 0	 103199
7	 87	 0	 141566
2	 56	 0	 36125
4	 61	 0	 112350
7	 67	 0	 94039
3	 100	 1	 153865
2	 50	 0	 38572
6	 95	 1	 143744
0	 57	 0	 85295
0	 49	 1	 29673
0	 21	 0	 4784
4	 77	 0	 112834
0	 43	 0	 58769
5	 110	 0	 148275
1	 45	 0	 35002
2	 39	 0	 69471
3	 79	 0	 123101
1	 38	 0	 28083
2	 74	 1	 33985
3	 75	 0	 97805
2	 17	 0	 27405
2	 86	 1	 133220
2	 62	 0	 34281
3	 43	 0	 44751
4	 72	 0	 106548
0	 38	 0	 18753
5	 57	 0	 42499
1	 68	 0	 101885
1	 44	 0	 78382
2	 82	 0	 130810
0	 0	 0	 108
3	 111	 0	 143155
1	 71	 1	 88095
2	 51	 0	 36203
1	 59	 0	 35411
2	 66	 0	 105079
3	 63	 0	 91387
