A	 C	 G	 T
4	 80371	 0	 6
3	 21137	 0	 0
8	 149263	 0	 2
8	 111835	 0	 3
7	 106134	 0	 1
3	 26616	 0	 1
1	 82877	 0	 2
4	 88179	 0	 2
6	 116269	 0	 0
4	 32093	 0	 2
9	 136769	 0	 6
5	 99980	 0	 2
14	 137069	 0	 10
3	 26407	 0	 3
3	 108682	 0	 3
4	 90856	 0	 3
11	 148754	 0	 2
3	 29053	 0	 1
6	 139486	 0	 2
4	 82367	 0	 2
1	 21877	 0	 0
0	 2363	 0	 0
4	 108703	 0	 2
4	 56720	 0	 0
11	 143977	 0	 3
2	 25918	 0	 1
4	 66717	 0	 0
6	 118792	 0	 5
3	 20644	 0	 1
2	 24557	 0	 0
1	 94487	 0	 1
3	 22928	 0	 0
4	 127988	 0	 2
2	 23499	 0	 2
2	 43290	 0	 1
5	 102754	 0	 2
0	 12212	 0	 1
3	 30999	 0	 1
4	 98278	 0	 1
7	 75638	 0	 2
7	 125832	 0	 2
0	 103	 0	 0
17	 130763	 0	 3
7	 85160	 0	 3
0	 27249	 0	 1
3	 25911	 0	 0
4	 101512	 0	 2
3	 87638	 0	 4
