A	 C	 G	 T
82273	 0	 3	 0
25692	 0	 2	 0
153807	 1	 12	 1
114625	 1	 3	 3
109112	 0	 5	 1
31878	 0	 4	 0
85039	 0	 6	 2
90766	 1	 2	 0
118900	 1	 7	 1
39479	 1	 4	 0
140260	 0	 11	 1
102520	 0	 6	 1
140396	 1	 9	 2
31578	 0	 0	 1
111497	 0	 4	 1
93172	 1	 0	 0
152687	 0	 6	 0
34298	 0	 4	 1
142731	 0	 9	 0
84631	 0	 4	 0
25492	 1	 3	 0
2690	 1	 0	 0
111476	 1	 4	 0
58291	 0	 4	 1
147257	 0	 12	 3
31371	 1	 2	 0
68986	 1	 5	 0
122211	 0	 9	 0
24090	 1	 6	 0
29589	 0	 1	 0
96967	 1	 7	 2
23482	 0	 2	 1
132091	 0	 9	 1
28925	 0	 3	 0
44523	 0	 2	 0
105713	 0	 4	 1
14432	 0	 3	 0
36704	 0	 2	 1
101056	 1	 6	 2
77470	 0	 2	 0
129778	 1	 8	 0
106	 0	 0	 0
137192	 0	 7	 2
87417	 0	 7	 1
32045	 0	 3	 0
30624	 1	 2	 0
104359	 2	 9	 2
90697	 2	 9	 1
