A	 C	 G	 T
4	 39698	 1	 2
0	 10249	 0	 68
1	 51842	 1	 2
1	 60744	 0	 2
2	 50482	 0	 2
0	 13589	 0	 1
1	 42552	 1	 2
0	 43631	 0	 2
1	 63566	 1	 2
2	 15338	 0	 116
1	 110401	 0	 3
1	 46314	 0	 3
2	 56062	 0	 2
0	 13427	 1	 1
1	 54762	 0	 3
2	 42939	 0	 5
1	 73031	 1	 4
1	 13713	 0	 1
3	 43504	 0	 383
0	 29201	 1	 0
0	 11138	 1	 0
0	 1056	 0	 0
0	 51907	 1	 3
0	 28823	 0	 1
1	 52610	 1	 1
0	 14308	 0	 2
0	 28587	 0	 213
2	 46142	 0	 3
1	 9634	 0	 0
1	 18780	 0	 1
0	 47411	 0	 3
0	 10172	 0	 2
1	 63324	 0	 432
0	 12309	 1	 0
1	 25558	 0	 2
2	 46506	 1	 3
0	 5504	 1	 0
0	 14455	 0	 0
1	 46138	 0	 1
0	 40226	 0	 2
1	 58663	 0	 401
0	 56	 0	 0
1	 64133	 0	 4
2	 30483	 0	 2
0	 13921	 0	 0
0	 13250	 0	 1
2	 50867	 1	 1
1	 32525	 1	 2
