A	 C	 G	 T
82519	 1	 1	 4
25676	 1	 1	 0
153696	 0	 3	 12
114743	 0	 1	 7
108995	 1	 2	 5
31876	 1	 3	 1
85200	 2	 2	 7
90743	 1	 1	 2
119191	 2	 3	 6
39438	 0	 2	 3
140260	 2	 6	 4
102293	 0	 2	 6
140410	 1	 0	 5
31586	 0	 1	 0
111407	 1	 3	 3
93398	 0	 2	 4
152648	 2	 1	 8
34314	 0	 1	 1
142573	 0	 5	 6
84622	 2	 5	 3
25547	 0	 1	 2
2689	 0	 0	 0
111754	 1	 4	 4
58214	 1	 1	 2
147236	 2	 2	 12
31305	 0	 0	 0
68894	 0	 0	 5
122061	 0	 6	 6
24094	 0	 0	 1
29675	 0	 1	 2
97000	 0	 1	 2
23508	 0	 1	 0
132093	 1	 5	 5
28940	 0	 0	 5
44377	 0	 0	 0
105652	 1	 0	 0
14437	 0	 0	 0
36725	 0	 0	 1
101062	 0	 1	 5
77598	 1	 1	 3
129786	 1	 4	 8
105	 0	 0	 0
137575	 0	 3	 6
87448	 0	 3	 7
32161	 2	 3	 0
30677	 0	 5	 1
104294	 1	 4	 3
90634	 0	 6	 1
