A	 C	 G	 T
5	 0	 75899	 63
2	 1	 19710	 7
4	 2	 140522	 91
8	 1	 103891	 47
6	 6	 98097	 80
2	 1	 24343	 11
10	 0	 77245	 67
6	 1	 81851	 49
5	 1	 108963	 66
2	 2	 29838	 16
7	 4	 130596	 78
8	 1	 93780	 57
12	 6	 124863	 74
5	 1	 24278	 9
7	 2	 101834	 72
9	 1	 84947	 60
13	 4	 138717	 57
5	 0	 26777	 13
5	 4	 131281	 64
9	 7	 77068	 46
3	 0	 19960	 12
0	 0	 2134	 1
7	 5	 103718	 73
4	 1	 52727	 44
9	 3	 134240	 64
5	 0	 24218	 16
4	 1	 62860	 47
8	 3	 111301	 63
2	 0	 19075	 10
4	 0	 23183	 12
7	 2	 88182	 63
1	 2	 21539	 20
12	 1	 119636	 77
1	 0	 21612	 4
3	 2	 40477	 12
11	 2	 96339	 59
2	 1	 11239	 5
2	 1	 28600	 10
8	 3	 91676	 58
5	 3	 70671	 42
11	 3	 117710	 57
0	 0	 97	 0
13	 1	 122169	 64
5	 4	 80810	 71
3	 1	 24885	 11
1	 0	 23948	 10
6	 5	 94797	 52
7	 3	 82371	 46
