A	 C	 G	 T
19	 79412	 1	 2
2	 24579	 0	 0
25	 148543	 3	 3
24	 110409	 1	 3
15	 105361	 0	 2
2	 30506	 0	 1
21	 81764	 0	 4
7	 87572	 0	 3
20	 114521	 1	 4
3	 37698	 2	 1
17	 135613	 2	 3
17	 99112	 1	 5
16	 135616	 3	 4
4	 30205	 0	 3
12	 107722	 1	 5
16	 89950	 1	 3
15	 147517	 2	 10
4	 32791	 0	 2
9	 137728	 1	 4
12	 81753	 0	 5
5	 24468	 1	 1
0	 2566	 0	 0
15	 107518	 1	 4
10	 56356	 0	 1
14	 141987	 2	 6
3	 29999	 0	 1
5	 66590	 1	 4
19	 117864	 1	 5
1	 23191	 2	 0
3	 28224	 0	 2
7	 93629	 1	 4
2	 22626	 0	 0
19	 127387	 0	 2
2	 27572	 0	 1
4	 42966	 0	 1
12	 101966	 1	 5
1	 13834	 0	 0
4	 35136	 0	 0
10	 97489	 3	 8
15	 74671	 2	 3
17	 125343	 0	 6
0	 103	 0	 0
14	 132111	 3	 3
12	 84314	 0	 2
4	 30603	 1	 1
6	 29352	 0	 2
21	 100804	 0	 4
15	 87531	 1	 1
