A	 C	 G	 T
4	 29	 7	 82640
0	 26	 7	 31622
5	 61	 10	 153731
6	 40	 11	 114721
6	 37	 13	 108879
1	 19	 2	 36540
4	 17	 10	 84994
7	 27	 9	 90727
10	 39	 13	 118977
3	 23	 9	 42714
7	 56	 17	 140111
3	 31	 17	 102290
12	 45	 15	 140290
5	 22	 4	 35782
7	 40	 11	 111333
6	 27	 11	 93353
10	 46	 17	 152596
4	 26	 7	 38090
5	 38	 18	 142501
4	 23	 6	 84616
1	 21	 0	 29399
2	 15	 1	 4707
12	 31	 8	 111855
5	 22	 9	 58232
7	 45	 17	 147229
3	 20	 4	 34594
2	 24	 9	 68896
10	 44	 13	 122172
2	 24	 2	 27830
1	 32	 7	 33681
9	 30	 14	 96949
8	 10	 6	 27177
9	 38	 8	 132075
4	 31	 3	 33950
2	 6	 7	 44417
5	 30	 8	 105712
2	 22	 0	 18556
3	 33	 5	 42125
6	 29	 13	 101050
7	 28	 9	 77599
7	 38	 9	 129715
0	 0	 0	 108
9	 60	 15	 141910
8	 42	 12	 87363
1	 19	 6	 35717
2	 37	 3	 35108
5	 40	 8	 104328
8	 23	 2	 90633
