A	 C	 G	 T
1	 0	 19059	 1
1	 0	 3039	 4
7	 2	 7000	 3
2	 0	 21816	 5
3	 0	 16523	 4
0	 0	 4175	 1
3	 1	 14559	 3
1	 1	 20123	 4
8	 1	 21616	 9
6	 0	 6655	 0
2	 1	 45948	 6
3	 1	 13354	 2
7	 0	 20601	 7
2	 1	 4401	 0
5	 2	 26357	 10
1	 0	 8209	 7
5	 2	 29047	 5
1	 0	 4093	 1
9	 1	 6802	 5
4	 0	 4366	 3
1	 0	 4096	 1
0	 0	 323	 0
3	 0	 21794	 4
1	 0	 8025	 4
3	 3	 13191	 9
1	 0	 5984	 1
2	 0	 4722	 4
3	 1	 9519	 2
0	 0	 3727	 2
3	 0	 5905	 2
4	 1	 24928	 7
2	 1	 1118	 1
9	 2	 19602	 4
0	 0	 5042	 3
2	 0	 16887	 2
3	 1	 14857	 3
0	 0	 2039	 0
0	 0	 5538	 2
4	 1	 18941	 2
1	 1	 14943	 2
3	 1	 24816	 4
0	 0	 22	 0
6	 2	 21092	 3
4	 1	 3710	 2
0	 0	 4403	 1
0	 0	 4097	 1
2	 0	 25100	 9
1	 0	 4533	 5
