A	 C	 G	 T
2	 4	 2	 83016
1	 1	 2	 25863
7	 7	 0	 154642
7	 6	 2	 115361
1	 0	 3	 109632
2	 3	 4	 32121
3	 1	 0	 85510
1	 8	 2	 91306
6	 0	 2	 119642
0	 3	 2	 39737
3	 7	 1	 140988
3	 4	 1	 102569
5	 5	 0	 141228
1	 3	 1	 31805
5	 6	 0	 112076
4	 1	 1	 93927
6	 7	 1	 153569
0	 1	 3	 34451
5	 3	 1	 143435
3	 4	 0	 85131
1	 2	 2	 25694
0	 0	 0	 2723
5	 6	 2	 112493
1	 0	 0	 58619
3	 3	 1	 148075
1	 1	 1	 31545
5	 1	 0	 69295
4	 5	 2	 122905
2	 1	 3	 24276
1	 2	 1	 29870
5	 0	 1	 97558
0	 6	 0	 23675
4	 6	 0	 132875
0	 2	 3	 29161
0	 4	 0	 44722
0	 3	 0	 106345
0	 1	 1	 14465
1	 4	 2	 37006
2	 3	 0	 101587
2	 2	 2	 78170
3	 5	 0	 130586
0	 0	 0	 105
2	 3	 5	 138474
3	 6	 0	 87910
2	 2	 1	 32269
2	 2	 3	 30882
0	 4	 0	 104913
2	 4	 1	 91236
